-1.373377380302898
-1.389701223918691
-0.2675217015775589
-0.16756453419112868
-1.3097852166695452
-1.3112032316892466
-0.9291352055406542
-0.946086985959736
-0.9003718492342152
-0.8783977009556393
0.47022520395960116
0.6434237050886014
-1.1277116601796382
-1.100759181498956
-0.41157595904365946
-0.3124830551008041
-1.5068282940553508
-1.7085367722032314
-0.008528675909296323
0.06589986252532748
-1.2952324812159546
-1.293624721493045
-1.0432672370625586
-1.1324467373275025
-1.0211691324743617
-1.1198284607378584
0.0868872523445723
0.35948589156153293
-1.2221272306616213
-1.2365941527330102
-0.3594334783584445
-0.18476285537701903
-1.0029571845364975
-1.110767498548651
0.592364045281295
0.6305097476051238
-0.6161552568880879
-0.7209050350390039
-0.3969696660688943
-0.3797531091453562
-0.4345655484729656
-0.46151691831665487
0.7874484024948799
1.1144824513091784
-0.16937812123633203
0.08802695068164204
-0.17582173669455436
0.01079992404862149
-1.3058967349599222
-1.3104508368305707
0.4276432572748347
0.5019277781086707
-0.5913120600402344
-0.7867657186654708
-0.8423921323461874
-0.8806488063754818
-0.7639893753613587
-0.7258896164192536
0.7832029448909809
0.9569668626016246
-0.8910579477626311
-0.8230258275118709
0.0572043752181846
0.27469028761940817
-1.6676429920965943
-1.7761565868765383
-0.810346526802855
-0.8283499870650763
-1.256416986418897
-1.4657038541765128
-1.2348592331942312
-1.266302704855356
1.3719848914108976
1.235248999494458
0.22560151813938198
0.6455287322308179
0.7933075996927782
0.6995322282309658
-0.41570572409470985
-0.5696415734898261
-1.5685584093308769
-1.679930935701059
-0.13402389204305748
-0.2807076045981935
-1.0921184180911814
-1.1555353729832816
-1.1245675055692033
-1.021323100107795
-0.7706570334455297
-0.7515476099186909
0.2053767244196481
0.12393776827072804
-0.5836515359024872
-0.7100688607445345
-0.5411692948489826
-0.6749143781512946
-1.1011544368952684
-1.156017842500991
0.30018262738506013
0.3229114366124935
-0.5195873278696862
-0.5252688706180825
-0.5472685743816686
-0.5475569984954258
-0.5821827237794777
-0.47916961172932876
0.6552161763749851
0.948627460959429
-0.8825388350535932
-0.9113336342226056
0.12532946318016955
0.10431993287744187
-1.229590207114953
-1.3820813970088097
0.555755883769856
0.3354359503504521
-0.9408312762624907
-1.1006433651113456
-0.7936294350503321
-0.7785614802708459
-0.8662404683912142
-0.7671837098490786
0.3253403895039892
0.7501258532601375
-0.992331147593067
-0.9057196054547353
-0.12930316621669596
0.1398136744189379
-1.6588041738805273
-1.7399128539241673
-0.4117922634889907
-0.465439608659099
-1.474706450174629
-1.6168332074324367
-1.3730754061365251
-1.3240825556021711
-0.9873933506323801
-1.0827661059313747
0.43061463947506706
0.48525321398997906
-1.086385410670086
-1.0195463353126275
-0.8248460526314219
-0.7511817333495443
-1.624958103873041
-1.7187307281712514
0.3416273277046787
0.23265384701526293
-1.282045569454596
-1.4328259747575816
-1.2471588411673222
-1.3794627744515908
-1.327588465910078
-1.338676168661247
0.6211936066635643
0.5822688658832162
-1.230305179619886
-1.3068172647386813
-1.0115724931612842
-0.9263700436258656
-0.7899708626665456
-0.851566103823046
0.5185696123017742
0.6613893054851006
-0.2792241027150663
-0.39949534909797124
-0.2523731511304083
-0.2707791183805136
0.2160225188935148
0.2768063657005723
1.0586693044479885
1.1275899802590816
0.17405771544342485
0.27573827523187955
-0.00616961958210888
0.33702575541956986
-0.748474922606051
-0.9372859056470048
0.5608398886630489
0.5855266938179412
-0.06502120996670517
0.04961482952540852
-0.5012717630125887
-0.791677600457632
-0.37419114577295814
-0.5362663110270937
0.8557016940155918
1.1238617470803336
-0.6644247414696175
-0.5170140935121438
0.06683436616307652
0.09280943117920537
-1.7861707222915668
-1.8385724066206488
-0.6524371922925957
-0.7037263929716213
-1.3987345985679505
-1.2904122565415432
-1.1702422677057374
-1.1732562319256652
-0.3688046541648112
-0.3213190909233532
0.7153541736371571
0.8371091120122648
-0.14315904337796037
-0.18105549317722627
-0.7881869535336459
-0.9052768114981261
-1.7616294031252042
-1.7640107844877695
0.1410022072274178
-0.01104558399703509
-0.20556791758853352
-0.22574282504798177
-1.1453650787263008
-1.2992612759742201
-1.318676726846409
-1.4743842959120963
0.2052270451263313
0.47028345786337544
-1.3419882073044054
-1.375573536165765
-1.1148414000308153
-1.1148989261792166
-1.2437297900011521
-1.210706400712694
0.3448924839932307
0.6243918727818121
0.23109673793435173
0.21177802923386055
-0.5855609598951413
-0.42329175989541057
-0.2558576645860187
-0.43151747923269823
0.8991394651924942
1.213361410360415
-0.26333174664542747
-0.36874105430170484
-0.19778668854269651
0.11875300697244093
-1.2238749305194994
-1.3802864957891068
0.41229745642046045
0.5928492851317173
-0.8044316326921099
-0.8937901033122575
-0.6718726318804862
-0.9142063925191399
-0.8181970478681642
-0.7557316543818346
0.3048802242741556
0.5025021736956056
-0.5901473368028461
-0.6676915186158174
-0.23242799460389002
-0.20805448351034342
-1.5452620674392041
-1.5291819037411774
-0.18769276315177189
-0.3166971919316722
-1.4380345150997207
-1.4816377764438515
-0.9937237913198006
-0.9577159034365391
-1.0394769343436558
-1.079854351849103
1.7906756897459277
2.148017512386717
-0.9393616856538645
-0.8765985035377147
0.05217588116061051
0.07183833166082165
-1.6367763569895066
-1.7288321939809776
0.8630948605571495
0.5615855614761575
-0.7393902675848383
-0.8358251920597505
-0.9869912540446845
-1.0396232502681098
-1.290725078934137
-1.4114266574479988
0.44518136886380877
0.5285981251058655
-1.121540789670873
-1.196219098576659
-0.6209814211753043
-0.3820640592389325
-1.0146164772699044
-1.0373927173024922
0.39470064282042727
0.5173773968576273
1.0163482232813386
1.2727975298810317
-0.3676088322787681
-0.31089053047085924
-0.5414576093538127
-0.7429321108860392
0.9757179589424346
1.1357266762188258
0.3430813866106879
0.24202040969731142
0.204233828114178
0.2167093073353858
-0.43024826829684243
-0.7159414392171396
0.7611512328165511
0.5250233553073732
1.8598173359911947
1.8043753375382259
-0.5692079375571801
-0.6141724836991203
-0.9319206334272849
-0.9127773900739127
1.1915040178562621
1.2957689497470362
-0.4016652149101932
-0.7905293088788111
0.05260646005628099
0.2142945447840177
-1.6099865218199327
-1.633042042250724
-0.3421255161748763
-0.6002298436531202
-1.0589371206047669
-1.0194366982835243
-1.1274188691538338
-1.2316326667249953
0.6984625317510349
0.6159004484915759
2.1298212126817404
2.338621767776796
0.7656915411841068
1.0278219684074688
0.6838648599330526
0.7183568721959772
-1.15844618999514
-1.2242365397733692
0.6043274365459128
0.46049873906182
-0.1874159990280308
-0.12381180754202582
-0.6849225751290827
-0.769573908958041
-0.9334613965744746
-0.883946406168434
0.2128767261526279
0.3596735931501371
-0.20372689067055863
-0.10052561823292927
0.7858672568723617
1.1552137739722745
-1.2987271793563908
-1.2972583178407397
-0.018379015642345047
-0.2912701876045661
-0.3677552347929211
-0.6539792633053114
-0.6323430218527646
-0.7871537778774873
-0.6197381059924583
-0.6704906356131434
1.0611059403231622
1.1298331824190846
-0.04145695444548856
-0.03421603579832723
-0.33615515115187006
-0.2963443815394702
-1.2019347718086721
-1.2847348374767487
0.21596178269821292
0.29754089136677475
0.016362500404722865
-0.29312142336386465
-0.8419907341389518
-0.9998948885419807
-1.0567249265311311
-1.1807970713101943
0.32164487508670997
0.4212722058997027
-0.9462713137273409
-0.8728363279402334
-0.31903109454254475
-0.03188532793472679
-1.193619091774411
-1.1478460643579835
0.03671069895936786
0.22173951502943293
-1.031551789511152
-1.0845823295717731
-0.6941180605933053
-0.6494475039040137
-0.7697323013624804
-0.7636671799522514
0.9914771455926713
0.898956521750708
-0.7215415929863079
-0.8196591406126046
-0.24315169316754018
-0.25498875372523966
-1.3599900165905245
-1.5246989469041876
0.3656969466075795
0.4739255865511416
-0.9947656447208618
-1.1428298046849186
-0.773220003922883
-0.9256345409336775
-0.885793524437317
-0.9391468194337896
0.26571534311301137
0.511835756850706
-0.8828429153124436
-1.007464334705489
-0.4103103521201807
-0.25547006570693304
-0.7604408468240358
-0.8167125436935578
0.5995101700426951
0.8433491014804585
-0.13649629795174759
-0.1445660702133576
-0.1833785125941248
-0.2894095455997247
-0.29520059685246103
-0.09428700310269583
1.1151456750885873
1.0860011704942394
0.71293410890689
0.9610727405943544
0.17568824275335107
0.1139387983076599
-0.8797800731443025
-1.0502698776290629
0.475807191142202
0.46222473914855405
-0.3699346367244693
-0.4981346790531192
-0.4629812131576777
-0.5530349239693853
-0.49071978918640674
-0.43426917785280694
0.9377754363921433
0.9524736835435642
-0.4789120749406008
-0.49754329005006265
0.0834031535874142
0.07704952105255317
-1.4449375677711123
-1.6152571892794931
-0.5067815027698744
-0.49985432865927265
-1.1592427618202497
-1.3884329495944046
-0.8715423476706248
-0.9037584405598561
0.1287125395568018
0.13407091904973534
0.8854000427357172
0.7721087838468979
0.26954318810404637
0.24051824378549505
-0.3311164720079729
-0.272150440728074
-1.501057549707293
-1.5231009496580852
0.09233271780516547
0.1277772358555875
-0.9355176827227479
-1.0582150850666472
-0.97642869188568
-1.072447117191749
-1.0875227707556656
-1.1220569575238284
0.2028584235131337
0.20812235197195136
-1.0279054441957451
-1.2283196025087728
-0.6146796757831199
-0.626783247393885
-0.8101161932758713
-0.771999643853657
0.7915375742440631
0.77302044197759
-0.0742705128935093
0.1272344860379503
-0.19508162966993986
-0.26652862305377223
-0.3490396061892377
-0.40678840581374126
0.9169270726724442
1.119906086049092
-0.5228734918040785
-0.42081496801619117
-0.039106595000420956
0.08609720861968392
-0.9503425945051375
-1.0328117996484458
0.8693116688998168
0.6242510766674707
-0.6352999758397243
-1.0417661065441464
-0.23158387281338974
-0.20464828063057683
-0.5355861833546267
-0.48244723911019527
0.7623676434612701
0.7862137491716574
-0.5993230890341205
-0.588019232037796
0.1980567839704046
0.2780489882521137
-1.8562428817560954
-1.841000130386158
-0.07789034209123023
-0.040058341427879667
-0.1556627623530758
-0.1416669808530678
-1.5733433201295743
-1.5624465418993556
-1.2085750276829537
-1.3211283349729313
0.7352302825694795
0.9525640261576415
0.8586616305023737
1.0913451829765244
-0.9782167898679447
-0.9583287119154961
-0.9539042004337066
-1.1166723045369487
1.3336237372806974
1.220540155688389
0.32022225009680655
0.09764388422652122
0.38013386310247044
0.2725708585124855
-1.9346437272964354
-1.921973152089477
0.006720787486574569
0.2564832709609048
0.6020904346481986
0.8872207200697699
-1.188666537335824
-1.2557803386610071
-1.7632523105882874
-1.6986735339010184
0.4337826540113134
0.2098614924243755
0.3926881939546628
0.13472448897470862
-1.3296167160316494
-1.2676157934547585
-0.7697700831623832
-0.9417893792641677
0.9606106885516952
1.4216844161053324
0.9305331410909352
0.7854628933227825
-0.47693480682516287
-0.6018868803623599
-0.7493567013784942
-0.6707742214437632
1.057756202548367
1.0208067429966698
0.6238368152145747
0.3765256720148245
0.7413594193972881
0.9282680868922438
-1.7009736617192563
-1.628980900543818
0.7609771635792416
0.6831902719915283
0.8639542480812729
0.9491725136183976
-1.3616551892916486
-1.3115841746891548
-2.071043735872476
-2.0404082288570167
-0.35541073602978535
-0.3596673924423456
-0.7273884973792409
-0.6853796096594973
-1.4988251726321886
-1.5300657791488006
0.20907080176466838
0.35859046984582366
0.4785778500645723
0.6544500771018973
0.965477611376604
0.936765901934618
-0.9224242584894174
-0.5862817437080406
-0.862024017868572
-0.908887342304151
0.8880992702616775
1.1903614121021315
-0.20204213133851276
-0.3933679990250917
0.6124814921453722
0.9095626348673792
-1.7982237498922249
-1.7419427162616303
0.22207487719518976
0.1404248718639197
0.6145054169122379
0.55312492744022
-1.4155159972581288
-1.40865372207139
-1.9405834796227364
-1.9982684640308972
0.09205575332129655
-0.07268874056182587
0.4482228964518415
0.5402695182290774
-1.0727219684607858
-1.1687468797229263
-0.09239400038883405
-0.15080351102605855
0.5213396146582651
0.9193454181704976
0.9943589470493811
1.1220271628625385
-0.7400452073516364
-0.5484840644500424
-0.7983562758003094
-1.0083278619327556
0.8853498748493868
0.7501481486533244
0.4814820307976789
0.30434181373897584
0.4255056649041336
0.6924315484212331
-1.8365303990365767
-1.8485274737443456
0.17287608639289825
0.4464030716868253
0.687188995125452
0.9674221756665291
-1.3006015784059588
-1.2148938994769565
-1.890529453220769
-1.9778956356544992
-0.0299665829671662
-0.21104375651624152
-0.09993567940773766
-0.15300644146831893
-1.511227456187617
-1.473091255428135
-0.9943739197137156
-1.0305299722282077
0.6841108605815693
0.8565494687790315
0.45156290218106915
0.4528898455496906
-0.9794029479027403
-0.9450085244885749
-0.8902136376677159
-1.028398307698216
0.9331500632354082
1.0410117176716551
0.26646734869259575
-0.07100775823540069
0.6517188420289198
0.5619252406197227
-1.6909684441955202
-1.6453320077849214
0.9467898079141519
1.21880325085195
0.5240645287964311
0.38920046601789854
-0.8694448979018355
-0.8159405700097627
-1.278168057309275
-1.198675126922809
4.257008095388219
2.9977188665608723
1.011410701891638
0.8958901063954235
0.9777361244234316
1.5700634659518484
-0.4155084149488259
-0.5345081094462043
5.886390153989444
-0.8728363279402334
0.1182220790503715
0.09181407130949905
5.050809611117021
2.0009538164719594
3.2948967845951147
3.56988789531321
1.18889586671341
1.439374525451307
3.532838291565452
2.9977188665608723
-0.8286389360034828
0.9630001279496195
3.713880742521144
-0.24176754622809646
1.1433373651850598
1.4097767038575795
-0.07443254372670347
0.12970248664336598
0.06299114019489269
-0.07879250163059337
1.3693505613890444
1.3789210093043853
0.9475679902673267
0.9068099634654679
1.0869902776738538
0.9244035662952902
-1.0807970051147082
-0.9983325900605589
2.782805280463302
-0.19969629411395415
1.0706060139698805
1.2970443607656317
1.0539176248350142
1.0281325944655293
-0.5476469260916135
-0.44761015765285617
-2.0564149554551685
-2.07816430252248
-0.032626030381014214
-0.29795481056474726
-0.5302377884459554
-0.7585295297433179
-1.398634282757533
-1.3283085730506075
0.3547065264693191
0.2853604949667474
9.507239173103278
2.6050538468288766
1.0554635922624696
1.161373892591689
0.24350856576009386
0.07261944684304086
-0.6661471846289106
-0.8505389409647881
-1.1662145147109548
-1.430844086881744
1.1789432207036306
0.8683950960521044
-0.4830124387244352
-0.5939304048338903
-0.09008109865206691
-0.030342130584597626
-1.6176347009291223
-1.7310898710687392
0.37503357517950375
0.5615627327982793
-0.28216806471503564
-0.37672682269503843
-1.195758173449463
-1.0503005186762522
-1.6135389770742474
-1.7218711574271905
0.3520636490192494
0.5597740673112681
0.42451790121350713
0.6002500489014304
-0.7750906986195754
-0.8819389653144899
-0.7979895554054991
-0.840325209916953
1.0057107618773073
1.2522019796828954
0.9521293916215839
0.8973314496925527
-0.4087839292416866
-0.31489811198355194
-0.54446882197922
-0.6615849343458159
1.2756687411610381
1.3741922741849002
0.5704558729956962
0.61745943633126
0.679779112432154
1.1189548915531977
-1.3118794102458524
-1.5305859786842773
0.3538417504983677
0.7125855938348192
0.8864448550856412
0.859180691367092
-0.6328901041343816
-0.5628661994605513
-2.209065968745063
-2.220048722509449
-0.7179645619962465
-0.8107311462479279
-0.33818287272747366
-0.0015289009781800662
-1.8591365974729857
-1.9247997574263231
-1.138056943091392
-1.0186833352692606
0.7519812653951081
0.7222128826481239
0.6881676349125664
0.573190853815674
-1.4714716411654236
-1.3618009600199592
-1.2684328727463492
-1.3903643049099996
1.3595584866888306
1.5791120505929372
-0.034057679250326815
-0.0018778239083835405
0.34792770725540584
0.49432956985647747
-2.11875469437002
-2.216606381907338
-0.2630470308420351
-0.178959752787552
0.20012725777546694
0.644493994786726
-1.6075847676850334
-1.5218982579126954
-1.9067399366904207
-1.976338252658887
-0.2502784058123707
-0.31521044806685855
0.5036786003985743
0.30080311927217346
-1.6739425979202394
-1.7613811725909219
-0.8049388333329194
-1.0922799789676003
1.0201639161938578
1.2844315831562434
1.055036381799263
1.1882213014041476
-1.1301243410000472
-1.105144961522212
-0.9139302702696752
-1.0558108394320627
1.0102467926137713
1.1298482478357412
0.25738231718269083
0.4217249427871381
0.22633661266821836
0.3311131355450774
-1.9843312904784356
-2.098327885873356
0.32831052042989795
-0.016026580242929744
0.871475495396666
1.1790155738835535
-1.4735985693248095
-1.5969311850441992
-2.1058931346417125
-2.112515927602509
-0.5279922329866933
-0.9382527555598493
-0.4543059190168731
-0.7371646932155569
-1.8011138805427742
-1.890098681498191
-0.2799312656859592
-0.16213912484467638
1.0977699328996313
0.9217338564804022
0.7929005271017968
1.1503485388284604
-0.2029030521933388
-0.18135754319240494
-1.663465247567059
-1.8033768356941737
2.0844986839199193
2.1184906702044457
-0.17952233842532758
-0.2784993396494158
0.14904485740465237
0.13733859851315422
-1.8604716462304998
-2.008449809664019
-0.4978331911545481
-0.9308848880711894
-0.13188995713369178
0.13626946783165747
-1.533302482484222
-1.340105812700675
-2.1211137342766717
-2.174655058656285
-0.6043470450722366
-0.6709697819217022
0.1252967146667412
0.45122789701178817
-1.6760999385305417
-1.7023808925120287
-1.475298680204188
-1.4352263678697734
0.4886844468803185
0.48301247937734637
0.9334457039825395
1.119570561769003
-1.597005321947222
-1.5056737100597162
-1.5524964361330362
-1.676261529603857
0.6883828602039127
0.45294748868235857
-0.09471600350970248
-0.16229962556804936
0.29883941529562075
0.002721994359750465
-2.1690597467940527
-2.1138207478434294
-0.24757356567882086
-0.2900187562799093
1.218473106837498
0.820212848047075
-1.6350736486475117
-1.6618629079524205
-2.018112414680697
-2.1305089045091186
0.28515840605416765
0.17854429632176466
0.2580248435823408
0.3421061440486226
-1.3233642138678139
-1.1443350886505508
-1.3821481050498998
-1.4044394337702526
0.5247144531800068
0.6445949161961361
1.3876423606819235
1.34160565249762
-0.8067123104035058
-0.718975748779941
-0.8285050371183383
-0.7231482390622538
0.9348086366384472
0.968003241761555
0.5031573739752416
0.3407177256716401
0.9800620324674726
1.0593355803130526
-1.6395910549023809
-1.623448191794086
0.24664349997577664
0.23914794511033333
0.8320715437356787
1.1424371203528163
-0.9755443343130823
-0.833072781638259
-1.8668773786818278
-1.945144471900361
0.5067426976571747
0.5308989511349371
0.6668148267557015
0.570221060869458
-0.7116013919513186
-0.7784097398618246
-0.859823281622645
-0.848561297480611
0.8830351457594203
1.2740724163087331
1.345679643607608
1.3665104410787934
-0.25578305120889083
-0.24762668395708198
-0.20424949768639053
-0.026145797282647945
1.3991236910162295
1.3499281587569598
1.0798296320499223
0.7327326583213746
1.0457773620091435
1.201149644286359
-1.4455494354869913
-1.5650405748769376
1.2754035121943013
1.5084475371773378
0.8636387590176727
1.2480797578417004
-0.5636553231453981
-0.585841253398067
-2.061228787042714
-2.175467794751567
0.0012355510917491153
-0.13364640347090578
0.07728890158507683
-0.001331356609591754
-1.2128728296561044
-1.4272825876860333
-0.050810223927348096
0.3512642130246786
0.9322348969204748
1.1089080253766859
0.7041941374615568
0.8443138857376322
-0.3775078543124345
-0.630728178981489
-1.2672987310463644
-1.350153806471595
0.8060604533251123
0.5840646543620986
0.43154896898126727
0.07712756595069929
0.5056099906627132
0.41286915979112826
-1.7931379637285318
-1.6825245778200209
0.13232083730151814
0.3701071993777116
0.9590843257846953
1.0368556175543835
-1.0035682652385924
-0.8911946924991319
-1.7868020325223946
-1.8673129114604738
0.6907116028868627
0.550063569721525
0.6809291799097342
0.5384365705645179
-0.5754975599820413
-0.6926009288947801
-1.0732553803150413
-1.0570158308664108
0.9182646856076533
1.103176283388113
1.219878906934217
1.2034334176509884
-0.34360007007406296
-0.28218894531815475
-0.6527244052987459
-0.5128568989209987
1.597151978104057
1.3103205385233752
0.7134609294640903
0.6368136088398434
1.3478854976984558
1.4205967301929612
-1.6570453024977083
-1.616856094010494
0.462324002513139
0.7522704646242532
0.9739248429827662
1.1767243720681393
-0.633983541334209
-0.6982695608182906
-1.1821417015900753
-1.183236753905483
-0.03677229803261864
-0.13227022524289778
-0.8826280122869603
-0.9174306816456004
-0.6815954465306826
-0.7505172933342477
1.0714511310112418
1.2163604843620603
0.4852143627571724
0.6466741514400791
0.06078567176539194
0.16964167161563443
-0.1305961050349427
-0.0048186003644885645
-1.117965646704846
-1.2078671527028555
0.533568354066161
0.7158988074516054
-1.018303510166027
-1.0401027990221499
-0.9589054577743094
-1.030705243030052
-0.746291959904802
-0.5942810927404186
0.28150700226147707
0.3135483064574024
-0.7515317622292256
-0.8009182214805111
-0.6007415243280639
-0.6159286275059519
-0.588569666474859
-0.5164819293471052
0.4657314921499728
0.40510650500792
0.7785888515735321
0.78394143137163
-0.3042450156228891
-0.1834614552851703
0.8345942517760393
0.8552082021279932
0.6747949512828073
1.1616260089313704
1.2329623316861136
1.3165600886128284
0.1306232999034979
0.3059828498084318
-0.6657321793241864
-0.8263882364341736
0.646808632212956
0.5830955099283709
0.6278957278905162
0.6922375266406454
-0.9012014050454927
-0.9983527707117079
-0.48535925690593307
-0.29913030656639106
0.6301323635261941
1.135827874196507
-0.12727294582792814
0.0811166416840569
-0.1696903449562971
-0.1874336655907623
-0.33669541292707794
-0.2255862954149648
0.8118273542889071
1.0241946764792813
-0.0524019639028511
0.09134734369982377
-0.02216005367745016
0.0570037395109896
2.1610529146409663
2.4249322781444738
2.0514654785828834
2.4028896782539877
1.5858515883997173
2.005054926591839
1.4295077028200593
2.030422110635711
0.24307970675938856
0.20822656638477136
1.6119472017643848
1.62006362784014
0.414125881706085
0.4984924516628837
0.012277089237357389
0.05401072080753633
0.7319499720581866
1.118717691931307
1.2333463661615278
1.1946652045261956
1.0884814380665062
1.2528829246483184
0.5807026878409979
0.6361125619510357
-0.8423675480505168
-0.9135564135764469
0.3147058607990812
0.18826758191589393
-0.569323941855599
-0.6633529149237564
-0.7082214078207337
-0.8004984817276621
1.1552808002854578
0.899889727992694
1.3206082499798535
1.2212043777502937
0.5723555693296488
0.6598916675838109
0.04589969176494129
0.1312040900487345
-0.869647466877369
-0.9931259700231513
0.9288296530876359
0.679654442757644
-0.7666024240767682
-0.8429306522363378
-0.8658770767923654
-0.9741164464818967
-0.6915805994746784
-0.7922715364901588
0.6771686922367249
0.997513627926063
-0.8145655217430186
-0.9764273391338584
-0.4385361895503284
-0.36960463062637505
-1.5089053832923678
-1.5724727651799737
-0.23975828352742296
-0.11183227675367365
-1.2717757394251774
-1.314290954775142
-0.9215230017503273
-0.9911356903205941
-0.5587211000331787
-0.657865801008615
0.5059512051436917
0.7461815120384903
-0.6694072163898295
-0.9480857219655286
-0.390317461691375
-0.2917767704392467
-1.4382493728377497
-1.5748067097022869
0.05601345867515692
0.3030081241189303
-0.4734559457121113
-0.28610069361719276
-0.9197931770441109
-1.0658345194568588
-0.9407340162020927
-1.0283035593399144
0.09496800630523297
0.3330562460266305
-1.3143733115658152
-1.3982729730492354
-0.8196759194680389
-0.9883312939351083
-0.8404408163983771
-0.7517532120995305
0.6253195919496506
0.5051713591410796
-0.39157133262514443
-0.37967482279560294
-0.16069200347949747
-0.29837436476610313
1.6652887368040703
2.0484607120631337
0.8985748579770358
1.2489914328255647
1.3258157707176395
1.4651433547640846
0.6074368859999415
0.7707415130961937
-0.40734551029590016
-0.5661362332887985
0.8212358993962211
0.5629769893368514
0.6054632973926252
0.24634632345605453
-0.40476951655768745
-0.6146856637376805
-0.2563655673858838
-0.11079100662746445
1.0473402360720587
1.273985983330584
-0.1597134281545043
-0.40398765491100397
-0.22882152273614087
-0.23086018456887455
-1.4051758647409875
-1.60375085568773
-0.5335325851176042
-0.7650363660013871
-1.230129961006001
-1.2935488490816578
-0.9301072654799003
-1.1654909909646043
0.9441178846010783
0.9574800011492631
0.9365916840765338
0.7945497288213477
0.6900866148569326
0.6793243351645117
-0.2287050780016462
0.01607869502138751
-1.4634072076622282
-1.3952534611937855
0.4410615736733358
0.2606767419594719
0.14081957848190985
0.189267024924412
-0.8143230455836407
-1.069500760899834
-0.713387131241279
-0.5793261826426127
0.36262365037499444
0.07489152166468667
-0.6497330254494209
-0.7446420418977108
-1.1182045633417559
-0.9598738572862504
-1.0436846923731686
-1.1046225254069024
0.4137218993445943
0.4637137260827733
-0.32713505696767275
-0.3218417268731023
-0.5535484585773017
-0.43570575719328963
0.36227434277731396
0.14838039004407946
1.1231342251017276
1.4071105647053264
0.8121107025986349
0.6562207787741179
0.029831449619142313
-0.07077977854480005
-0.9488940615077853
-1.1769526812506974
0.6298289206465647
0.5346382882419871
-0.5391980269520634
-0.6285856730330489
-0.4413992671867831
-0.7137371823906815
-0.6374966445465823
-0.6511926582657268
1.2926665499419954
0.7884823414020653
-0.9112176909531807
-1.0370168239954234
-0.3434627155262739
-0.2587335111821227
-1.4946714975638264
-1.5631277115492563
-0.3413050118387267
-0.37508112618841793
-1.1409392109673036
-1.1614046508989284
-1.0058370194579607
-0.9251190490141191
0.6040189557676455
0.5543718111948107
1.7731056682761293
1.9383959022172204
0.3375978413649999
0.11128652853093533
-0.28479600032630614
-0.18798951091697513
-1.459122436534493
-1.465070107700854
0.5783335770139115
0.5151382343448483
-0.3549507318519486
-0.2661698275338024
-0.9445492742010463
-1.0789164940337703
-1.1147763775630928
-1.2417228116266827
0.2464981718995532
0.27506803437941507
-0.8549158738714177
-1.0458882078809806
-0.8236389143430265
-0.6820659808009992
-0.9701851674393199
-0.683338923459726
0.751802932611722
0.9219566477133153
1.4586806614121826
1.9297787090890763
-0.15357247916511763
-0.1560747671442713
0.8892256487676043
1.1338026336558271
1.969334881328406
2.6480267628050176
1.3091647091748921
1.4825440621602346
1.0068650472788976
1.505591791579287
-0.7259119809157505
-0.8999426380271975
1.6051244289063156
1.4899915560323724
1.8562939138077028
2.552258550058187
-0.1812926324549249
-0.20347797969724757
-0.7203320151971452
-0.7020837973655321
1.7393220746946028
1.63188860430402
0.8198300927611948
0.6524183585064266
-0.2049805415403294
0.0002142920635347946
-1.1292699454717854
-1.1158990263469608
0.5398076701725433
0.5099530296825644
0.261463188995369
0.2954232348987637
-0.5054402129125403
-0.5586461826180364
2.2989975639642934
2.349909363068592
2.1448461675718162
2.431943461785738
2.3763430720725367
2.4333970076017737
2.487574329443912
2.6235757817218945
0.0966799340059146
-0.10898346839681079
1.467308510207334
1.547535555050659
1.7293769531991399
2.0009538164719594
0.45511662531869446
6.531704044148839
0.2688626895420003
0.25987553123302376
1.0142371275634807
0.9122929843799877
1.871694399463229
2.6693498734516594
1.4955377991653276
1.773333003345914
0.7771009192008042
0.8988156177654139
-1.235422950272037
-1.2987567743992923
-0.1118844573447354
0.07538496970928504
-0.20667720800673312
-0.4768716021600692
-0.9589515718578602
-1.1147604553236148
0.41930603062416216
0.18865372540120715
1.5217991741927699
1.764538453240387
0.5876706860818158
0.4270386819128906
0.04111011483133902
0.15126791220176
-1.1860837200525802
-1.2785035006434877
1.0276745244002417
0.8951234160747643
-0.04242449889047237
-0.08427779910537155
-0.8997392440151727
-1.020315189896718
-1.0529653408008228
-1.0688875957683976
0.7578433465888674
0.4468592227281279
-0.4433903534984421
-0.597083115430029
0.5779106355321199
0.699091985834091
-0.9317129376939068
-1.0736878748109027
0.4482088052504327
0.3551894094455462
-0.8080173426294687
-0.7983683813764807
-0.2293584561782294
-0.32177912675022613
-0.3440070594729893
-0.258649641025491
0.6583513767141159
0.6695952979563268
-0.522285834329361
-0.5165920720426096
0.0016316510801660197
-0.046388106798341176
-1.2807952356133716
-1.2801834480884833
0.9961577015422338
0.8906009437736816
-0.9312743303072334
-1.1937017969461723
-0.43775754865749816
-0.5477349694615469
-1.0755424514106386
-1.0077262568976393
0.12626998588745764
0.5266901681692868
-1.1036117749709364
-1.2183875327629963
-0.35494123173676695
-0.5232999372329716
-0.6021160081248486
-0.6733993236434205
0.534677881792496
0.5448831154995688
0.4195987602810655
0.10569284929769591
-0.4092378000612029
-0.1512406885661477
0.41166643708932843
0.4532495386975367
0.9873669283953742
1.2724043406089374
1.5833706342622496
1.355978827997746
0.4858183060998749
0.4245210454638475
-0.19841451414755398
-0.488053689231896
0.3366526185935286
0.18664378075306975
0.3121395102049687
0.04769705165125976
-0.547267854069855
-0.9646281507347257
-0.725263195432232
-0.4010865501357508
1.212422318667461
1.6472386739052383
-0.5583328052322016
-0.5994295849786212
-0.2470610369563093
0.059119478111009004
-1.265881441245468
-1.346091049366793
0.04965898649386221
-0.22885369664867541
-1.0373954058013353
-1.0397726586798761
-0.8862327338910881
-0.9329846470918071
1.0110313631975096
1.2270769746095287
0.8316404957112066
1.039211743603124
0.760139436670977
1.2796687658996742
0.3666069826292452
0.6475460077204801
-1.1514874921091676
-1.1203235071988233
0.3906039060375329
0.8440489268751081
-0.7103304040412746
-0.8540243950386484
-0.6836141531562357
-0.9027536627769568
-0.28324666506773766
-0.3790693056297974
0.3135650206054626
0.16118685433257096
-0.04070792556730277
0.02491916313343007
-0.5981462898084956
-0.8314359158370224
-1.0132959193197941
-0.9833518558818612
0.5198602832763591
0.5737460626334594
-0.22472187112176575
-0.2800635833236313
-0.4239505343626204
-0.3282715430818619
0.34919552330727305
0.29712853375679066
1.28041868105014
1.1616831520108295
-0.32226278774553
-0.42930379669149593
0.1387838136784433
0.12424819403047947
-1.0184114972424132
-1.1201421229764097
0.6591340065987122
0.6088405612370276
-0.8546558756338286
-0.9213800803796283
-0.3618064341991798
-0.8057528519664499
-0.6674137477683584
-0.6615694342068773
1.211128066244221
1.452710271333973
-0.5544612776577506
-0.7283092030304734
-0.4043863692476271
-0.26975780783872977
-0.5255685693722387
-0.47381970012342356
0.5348489838064484
0.7401803701220483
-0.07895860500059598
-0.24265996672748757
-0.15704895829489346
0.019408066639199598
0.18795532437157378
0.4436684394666514
0.8789340350969366
1.056280014902347
0.5455143566280846
0.6963697195367853
0.04738205096003079
0.3458235900327489
-0.3251851300517838
-0.5635489758272996
0.7956616758373721
0.7012942330181865
-0.11076917834802014
0.002703115830414442
0.002510497929465453
-0.15492816686428937
-0.08035224113385199
0.05154474872710612
0.46127104291492177
0.6561894996037844
0.24234508502025248
0.304117793059117
0.08613062782830513
0.20102171249674092
-0.2490436812816747
-0.15020546029587564
0.9208907299099558
0.9943198054910761
0.04551831998907531
0.20819813814804852
-0.0743418830232207
0.17524996509744808
0.4865407254845766
0.4050245024977698
1.1652007464584095
1.4117834893824437
0.8847907089202027
1.3851745188614746
0.42293774292304703
0.8407335179770242
0.1008690589465184
0.1640712999234799
1.1717841247398075
1.4548921859781216
0.3005819475558924
0.35426370257070444
0.3518543872643794
0.5193283772428565
0.12457878248151494
0.2526380524136531
0.8831575130801068
1.1847450579841465
0.48274082210110514
0.5711843352720066
0.11193955118336256
0.3280068263986837
-0.7220380557906981
-0.7674741659320499
0.2221210221600544
0.36702388047795464
-0.30978263878656775
-0.6860002161892383
-0.46813414716289226
-0.3433393267457012
1.274118189165871
1.3316972828408316
0.8073622635911817
0.8914124835419578
1.1895192633259135
1.1103659130229515
0.22082639467015217
0.16036762986214198
-0.7407421588318743
-0.8801135174951118
0.5137743794283384
0.49094538059180837
-0.47885938334992056
-0.6639741866034812
-0.22705132988235185
-0.280248718161832
-0.01795636488722539
-0.042902674702218264
0.5454930168357759
0.5682218564750656
0.22288286064449664
0.042169883557419345
-0.18311530621497793
-0.1112934099247431
-0.22836948166009677
-0.0778862111152305
0.7736424412858514
0.8365850737501863
0.24320203227750242
0.2906116568355608
0.2147508647156417
0.44411469450481617
0.6503770698049376
0.39023125734578407
1.2614260596676545
1.588851318911349
0.5499976485950653
0.5753763734060192
0.1323796780658893
0.44562321230274216
-0.17931327063207722
-0.23123676425624573
0.874575832592867
0.5554574721958198
0.28894940580425177
0.008271151206456105
0.026369110115767005
0.03354979663436153
0.18744240293616962
0.4483524016905233
0.8502918873344572
0.998508739735577
0.381029042580558
0.37824539992345335
0.2812819534408641
0.49183554391522916
-1.0981347615985986
-1.2863571820535993
0.24747307243941322
0.22161638754265106
-0.4681191721254866
-0.3629802622003435
-0.9485720980496838
-1.0233336981972487
0.011616183332562115
0.03132217903352629
1.0587836512760485
1.3188883283755066
0.48608169674783236
0.6188941803167491
-0.28281838965111644
-0.16242325091861434
-0.6055437214445886
-0.725659834057911
1.3314670400897237
1.5607925262372628
0.3121562197271361
-0.0009344731022571992
-0.3197450647716659
-0.3752736529369751
-0.5647732396040317
-0.5674984566887741
1.5279013878462206
1.823897394819963
0.6024979170514684
0.17210927733364345
-0.22419500156306502
-0.262541318018897
-0.2812651482144056
-0.3296702129556217
0.8273032856094712
0.9344302232088748
0.38612660042150704
0.540506258648941
0.18460961688684385
0.08023304874668245
0.54983642340683
1.022009156888936
1.4463284772700329
1.6043541589320554
0.8141523912139818
0.9790073335386941
0.7553578249752408
0.8937699316332341
0.11536295083796913
0.1928451683431106
1.7519229039704767
1.5057647717641904
1.1260386494486105
1.577195412824533
1.042245831441022
0.9137929033157316
-0.17354672611585206
-0.08100252003347487
1.3898009069969166
1.6713329568847692
0.5814878410847959
0.5105164272188469
0.24466806197685345
0.501107028773679
-1.5062780518139167
-1.4964075428667292
0.12364096253796436
-0.004346892544781003
-0.6079275097801106
-0.7300817374332713
-1.1463637466116674
-1.360282559331677
0.16395557017345844
-0.16282973298300418
0.6902615193794133
1.3345938463443603
0.9089627694952914
0.35933267233424043
0.199444191329252
-0.01849995210870084
-1.1246942859970435
-1.2164182202057299
2.0621102281528803
1.5427600835233841
-0.1732824901625888
-0.2363524345698406
-0.05838559921017638
0.15178989400329057
-0.8125127193545522
-0.8669695111316555
1.1524310272094147
1.3527436688089294
-0.13283191686265358
-0.12168067126151487
-0.37459057728049205
-0.20285065228558585
-0.7664627407257705
-0.6777314864860956
0.5957134223374762
0.44957352574685444
0.35359749394167134
0.19254932372780764
-0.634974177080791
-0.42255754722006444
0.6219842956742871
0.5471622468855701
1.1600577979868512
1.603422284344198
1.1494555707453527
1.485066120093296
0.34408742989592056
0.774548001418601
-0.2813133896297397
-0.27212595915319976
1.1922659868119556
1.3537677888942827
0.34728020174702345
0.22244237116693305
0.19507942072019682
0.4217296708996949
-0.03808112528481083
0.1019176789373295
1.155147435680702
1.1715148859025408
0.6219777245718549
0.6117695655850702
0.26119667785151
0.2934233750175008
-0.8413809266865814
-0.8876271561729752
0.5017424073513668
0.3000828493301514
-0.32886295325434173
-0.4183860652131015
-0.3403589008753675
-0.2390058357312601
0.13628965416663572
0.1656658481398379
1.2361569070265166
1.1075342135652568
0.3245173000109628
0.16288724509876992
-0.05170444265044624
0.023698929806110793
-0.673484690325942
-0.731091246983902
1.3357261102859292
1.2125098593257144
0.35764511148316
0.14372343637188598
0.02008421569622667
-0.16661462578488445
-0.16974870540560377
-0.19103211546074467
0.7986330707218019
0.9392022479658619
0.1565047739415773
0.45556485435173366
-0.08318531177759698
-0.051346331081656926
-0.2793984614158258
-0.3926631038108209
0.9864082731596107
0.798604603509765
0.39619599454869203
0.6925185212357596
0.12904016669131607
0.22303068845466692
0.2571293144213372
0.2268191583535592
1.8476281643875831
2.299743820473382
1.2742595181673977
1.3253521103908292
0.16899359094116767
0.4220560098572889
0.1366464956830007
-0.2551538537189598
1.2817219460210807
1.1353817457442188
1.1545988221929577
1.6724744249653851
0.6335727555464475
0.40052023604781145
0.03463093277644273
0.058319430426669316
1.1946604586516076
1.2402123287560225
0.8403749609524063
0.7799468351145576
0.5448897414950706
0.6538981186151348
-1.241377050821136
-1.4366649653213943
0.29735345344056163
-0.09819599299121244
-0.3972111608437087
-0.5538483268359891
-0.7126071833455168
-0.8587424584819955
1.0042387613299977
1.23982778484677
1.608303585064705
2.2219660227000997
1.4372574614936606
1.5035845582515834
1.2545797849127536
1.2362309275762162
-0.6753572985249872
-0.6530233434429793
1.1385219037607093
0.9834253282535594
0.40353906375146154
0.2129046474831609
0.2185934232636779
0.1453558300802627
-0.363223876313436
-0.5604780671844817
0.9176078926680812
0.582467647031428
0.020168642529866193
0.037008491908120646
0.22813803009066294
0.2510172857489985
-0.474613837877382
-0.37800911997584485
0.6277774813227336
0.8180644283263194
0.3762596593851809
0.33814381458299625
-0.14562361873819385
-0.1286387725205516
0.0346619695119422
-0.014567879142244987
1.1161141696590493
1.2006498081703962
0.7678263133330712
0.7369202681039245
0.52463692648568
0.6323047876953272
-0.33428170862781387
-0.44964902726268247
1.0526127637668905
0.9055315632829607
0.1507875973318264
0.20811093496791752
0.30102712352213673
0.2032895758557811
0.02824189950923821
0.2428380089847492
0.9055149179401711
1.165527676929588
0.42717438208437525
0.42203835127703876
0.26116543154294475
0.3536509935629224
-0.5288878501053512
-0.4347322883461807
0.706029071605195
0.894796127806056
0.26881704330076833
0.3466955028530211
0.15926087101994046
0.36099160789321555
0.3437209989574603
0.32917335807294346
1.4624333903517848
1.7229532811750077
0.5489904887772011
0.6689971523169506
0.416854519265969
0.36674602091777153
-0.3370074878263767
-0.1282026630703131
1.1953535880218396
1.196189180151793
0.4154249917758359
0.5354368748186233
0.4527266259661441
0.771321163922029
0.024636388705500986
0.1072474236149162
1.0854640457287226
1.0509746324577127
0.927634443007768
0.9292810253725239
0.24404343605281706
0.30768433564807385
0.003712867148336142
-0.02662138978101125
1.290957473656187
1.2056495397466216
0.8637498497097288
0.5188399063771114
0.3278272528998115
0.3681899961054126
0.6819170583840666
0.7958919377340044
1.220144258540022
1.6501291879475626
1.3616201957245113
1.722257739699595
0.8965118332782213
0.963657797099631
0.39601458692040115
0.5268024009302619
1.7415483499957227
1.350441222807132
1.4642225593387714
0.9998124735494941
1.47348041194446
1.2383426251323808
0.33306553478676765
0.7324892021679438
1.2704588864572772
1.895996868751674
1.2359391688963033
1.133227820486496
0.5586959248874767
1.1400004969241664
-0.8021946109184331
-0.7832732750185051
0.5702496125624062
0.5370353097281719
0.24730475799884638
0.10762727423770736
-0.021670445122710207
0.2276172775081403
1.4292536710701318
1.696143953439078
1.0033517589337355
1.1845665967639116
1.3082364767561283
1.291848662913851
0.5202724581604025
0.5141214051405023
-0.561959257692549
-0.6160762743872555
1.093885401049235
0.9597999861375023
-0.1331285623291367
-0.325688855650313
0.11494306391632075
-0.09785967780135492
0.4963504931520191
0.3650466346210829
0.9987482747065372
1.0781447450298047
0.4559659253231779
0.5818619156061591
0.14256220527254754
0.2305417935438801
0.050448499027592034
0.08176630805812563
1.041641563281686
1.1380269087018298
0.7079947276857039
0.6484833069945601
0.450807990522922
0.6453629330143655
0.9226480939537356
1.1706073293496781
1.5310457159793258
1.7323819683750672
0.8179235310225231
0.828469739606744
0.6170330286336257
0.8872154175237756
0.10422445607845134
0.1944426283196198
1.2510948634701051
1.4831537904517442
0.7290567539724141
0.5077165815300514
0.967596303242136
0.8781500951279505
0.6093290201247444
0.823644318058084
1.1576232298818057
1.4153123981537254
1.0720979903843502
1.110014357257216
0.9451602744630846
1.0166226981585669
