0.5833062671358882
-0.5323149812986399
1.343464227419626
-0.3421249157837246
0.581063870469267
1.2015712561387326
-0.7929505880107277
0.7197564223462868
-0.2923170704989212
0.01135378177060034
-0.4313863563482262
1.0887032524520313
1.4311047844981526
-0.14321376986521334
-0.08676623415503407
0.2842554355413639
-1.098541176868053
1.210076285078122
-0.3619541932571735
-0.7098417196690063
-0.7231518244908579
0.5324824126648191
-0.01135468170455177
1.4457338212577349
-0.20556156213389237
0.9813037089159273
-0.045649754753015775
-0.6094308483426967
-0.7161869185022471
-2.1334984685757084
-0.2316434013524193
1.203938897114727
0.8379411678627378
0.5533179970468913
-0.5730086888026695
-0.2937444275351206
-0.3556568116297224
1.861033317633578
-0.23040552112549986
-0.24076672764369714
-0.8445140415271162
0.008405964072500119
-0.28810231699346966
-0.3700853804022659
-0.46391494067062095
-0.15764956295164795
0.8117521365753887
-0.38930079696553016
-0.3140266454891843
-0.6217576036082328
1.3875880882814944
-1.2150049649551233
-0.5622552385759949
-0.4269044983318669
-0.5807182990246642
0.24055012199652487
0.5059888125324968
-0.7505715284171615
-0.3803694051078257
0.8025138945104423
-0.2592105741599916
-0.46471757032238403
1.3362934711608694
1.2367145396759038
1.3670763410199744
1.1829196042668153
-0.12905367800653259
-0.6792106593792699
-0.170919028043463
-0.6302955257536144
0.7898724281650629
-0.22681431277642403
-0.3130772129372161
0.31071998221180847
-0.3201419182709379
-0.6488087713300654
-0.4429321326992426
-0.525953004443356
-0.16037167509971592
-0.7020132736114135
1.0895495337905787
-0.0850765381110752
1.1120620503344663
-0.7686298652837144
1.477767602194167
-0.4271758036274934
0.2682946875274
-0.31341474545233317
-0.268313557716571
-0.6676236625881858
-0.19466689900132822
-0.24549121647318906
-0.25635283254582863
-0.10571316659394306
-0.3744401167612036
1.2042095583878076
1.1600599217854861
1.7672650349205365
1.2973578457211774
-0.31988103249947797
-0.36482283638790575
-0.491984792758122
-0.31235031034663363
-0.33803018241272154
1.58501411278846
-0.15766363445274162
1.2777512787481204
-0.6846691030857595
1.2152228786226347
0.08257791899734614
-0.838695574774905
0.2662043060721762
-0.3092078450102624
1.0764473433935926
0.16949508520025602
1.6281088081010942
0.14266384568202214
0.016131662282405992
-0.4586885425418428
0.7641103648614834
-0.2792166732113251
-0.5733748218751289
-0.3034913313400036
0.32502700323612954
-0.39552960533230386
-0.3363193318961152
1.3015315830964345
0.8530808308493518
1.337154225798222
0.8875917503176132
-0.3236591132004645
1.3207624755398646
1.0919541254473484
-0.5247937534991677
-0.5777227371366279
-0.3377291978649765
1.2859853843956952
1.1005104194993784
1.1386430746405805
-0.11143708828446708
0.3975555750896006
-0.6117235314838136
1.4546790460288257
1.152795240012797
0.9557628961405773
-0.297033879399602
-0.34971806103665976
-0.34910347858352625
-0.4265284488884783
1.2342682681227206
1.4222984969095922
1.3698121778288257
-0.5612573122218781
-0.3968924139257498
0.1155620149130718
-0.14712666929108673
-0.57565431882031
0.6909814756080543
-0.36253934208139893
1.5002411670230429
0.8751377968768376
-1.6125992666051463
-0.7705603877354633
-0.5238436338748834
-0.9187219031431269
-0.8748626076171899
-0.7250448871865736
-0.7200646830825813
-0.39624802360022177
1.0745596226326108
-0.6829355988047303
-0.7158263392211421
-0.6714601323740814
-0.39213178440002094
1.382301666627031
-0.2317306665101248
-0.24903341316924943
-0.5822470910141795
-0.32727228998350333
-0.23299539678219977
1.1632310923400875
-1.2564038564194933
-0.04433178619743314
1.2421363237299425
1.3698655254020613
-0.7043363915078579
1.5529601985500348
0.6105165532235031
1.3351410840492202
-0.48115492318606634
-0.2467978170855435
-0.13313337302066847
-0.3243606807386883
-0.038097630882225904
0.05967235686371834
0.3665041948682148
-0.5534236297343186
1.1338141293027022
-0.5632351129804506
0.5287939948160609
-0.05320670821527643
-0.22950643636070556
-0.02729909179595505
0.36944110187480783
0.7996703047475211
-0.5178737313564253
-0.2798988973919896
0.12387551805483757
1.2979910812992417
-0.610637409447684
0.935043198249621
-0.7376702666690713
-0.16440668656745347
-1.7122689645419455
1.300169767463834
-0.4864118922914397
-0.2933511919734338
1.0145078381806387
-0.44230273478772786
1.1778964937076848
-0.2699991570628867
-2.764683233586862
0.5929319926249579
-0.48044485572356344
-0.7072249072239235
-0.6184008844876955
-0.5474213544393599
-0.28427219891312
1.2462739029450052
-0.5427313581203006
0.36636759032233157
-0.2825453678246352
0.812228036310854
1.6530252973659096
-1.971110086602846
-0.24451991530418885
1.1307058277811648
0.44853498769027134
-0.2242202017444305
-0.1170391994013498
-1.9273866992887698
-1.7571742585222183
-0.8770889393495214
-0.30407767808919567
0.9630702958466029
0.9428515500666559
1.328302842680807
-0.5418434160899661
-0.23934136271817003
-0.6994614246951842
-0.3417985289846629
0.14138247285716823
-0.5173634133970049
-0.16583958500752682
-0.36703917801849917
-0.42764220267714725
1.3028727899733406
-0.18489062747786855
1.19262213727905
-0.6215604687244565
0.030422578304042193
-0.2668274438487573
0.04594150377175105
0.7667774889855496
0.49224619842523787
1.5258035919127668
-0.7436901809813777
-0.11037262827288469
-0.6235199079966709
0.49713958170320005
1.5533737321072068
-0.7223882093436853
-0.6994241096507594
-0.4944962266061269
0.8494982364348668
-0.4335564799864997
-0.5044020006792483
-0.49580781742422897
-0.36317013368231515
-0.9157636214122913
-0.19273410062412227
-0.21087268357296005
-0.5334541450444887
-0.4719177801519755
-0.5925027599019291
-0.35965314493749295
1.2330920859139411
0.771650881038784
-0.03930837090313422
0.07522114661075292
-0.07862678346328056
1.297160927960624
-0.42276519181052286
0.07477993550861176
-0.3043139048322584
0.2561316789209813
1.4686408518129817
1.2676479776318872
-1.404601292742682
-0.2534139969085559
0.16617037138287422
-0.13098583938921338
0.16234837514330555
-0.11358932353974746
1.9648551259711646
1.4202495805143873
-0.2841422469017668
-0.4537321279980083
1.2890443034795966
0.43914958847343066
1.1473177711205857
-0.43196270244266005
0.12872317545395415
1.370599072472821
-0.39450946811150117
1.4059581291503829
-0.49658906915277645
-0.7593595870067649
0.44574112375813396
-0.5256083875710496
0.5841388088777542
-0.27243575765120465
-0.5835116118919559
-0.6459584643951257
1.2119481349932217
0.13876469337990768
1.2359190634066044
-0.1875844207220988
0.3355451771815931
-0.4896141918883815
-0.9049845704853678
-0.8666551610439255
1.6261423132255253
1.3098901597429022
0.074515049457
-0.8232492017805282
1.0776701976004301
1.300506102308936
-0.3144081737273367
1.3354732222867973
-0.7365719420238881
-0.3934242124959577
1.0992785845923894
0.7514870057587857
1.5226125614872035
1.623909627080927
1.7235234948609537
-0.310541948586593
-0.8570106871337773
0.913150446961114
-0.03458484463004274
1.3822596174882134
1.2783249633264502
1.4288307114785712
1.0724344205456726
-0.03894046837864157
-2.2474320382967745
-0.34526329131594147
-0.35177409681013627
-0.18280115062356667
0.06397291184180942
-0.5297088706771377
-2.602173704116151
-0.24651385759474964
-0.6235757395508208
-0.5052455906033608
0.40363570461547327
-0.354083845287083
1.3166621917822445
-0.055117230732111236
-0.06391010967804847
0.10354513912148658
-1.9443805626063764
-1.6286699845223214
1.1978963707719235
-0.43697488364429793
-0.636988288123307
-0.3302551331115789
-0.33255140622489293
-0.08258230401610417
1.338772935703906
-0.009023574481172456
0.019885470116102047
1.3747280986695278
1.096189553131795
1.636136372491882
-0.2786450352922277
-0.37208411016759513
0.8694394823892584
1.2805684093302405
-0.03246263406966479
1.1088803650612988
1.3378462436418805
1.4546087378319625
-0.3749042488826141
-0.1784819232329865
-0.6564782037850629
-0.8565003566582763
0.033339955347032796
-0.4189757460734155
-1.7199843943671973
-0.26317228023289513
0.8109048939123129
0.27618036884959696
-0.4741103994437773
-0.8228808483355774
-0.27620345591650936
1.2805617447406807
0.304981654546181
-0.1909543180400312
1.4669284460215857
1.6895940818913295
0.9947321083129521
-0.2670843850557979
-1.290875906404481
1.2072001383966857
1.354327041796647
1.36081568953057
-0.11161774480588736
0.13106040257279125
0.8547676518018132
-0.6227712623104364
-1.8359894464477886
-0.011493492799290843
0.5373555936385799
-0.5715738156141669
0.9235198415521018
1.22742336378385
1.3057044968482965
-0.25566572269175986
-0.5335545724347668
1.6486965402208702
-0.40077121430005447
-0.2886849276761735
-0.3222949505689625
1.1677284906087877
-0.7358105812746036
1.4179071558791807
0.3690361576707235
-0.8057871759471349
2.010921230240207
1.2736752539450866
0.14844648583263048
0.3350818842920995
-0.47714337121359063
0.040357102729080566
-0.405878371273551
-0.5143034801953421
-0.33191675081778615
-0.1393075998216238
1.334622254557598
-0.4579571574475466
1.6505870460552203
1.2267985971411752
1.303189152986683
-0.45536373975233724
1.2757830835676798
-0.30831979139308296
-1.179582636618763
-0.23417679150746684
-0.16024594843449674
1.0476897461508623
1.5151243323833004
0.007293010670222172
1.4884895221992864
1.310182605825551
1.4828452175196798
1.611987012488493
0.7490163742867366
-0.7031725581898947
0.6467716939520406
1.4131924372329485
1.3376571214214588
1.145261687293521
1.5466447814036628
-0.42585914537268804
1.4509313174838199
1.633565027200658
1.3841194107640777
1.3337652590280569
1.6255178495035352
-0.45096147838512
1.5290857622518221
1.724468439775038
1.3360078670156246
1.414207241302427
0.8214596488085499
1.459832511439324
-0.3406533741306074
-0.44977425759424927
-0.531570700180299
1.1037862584429776
1.488368562251114
1.5310611787527857
1.1964515725930862
0.512959160259967
1.563275638095842
1.2960601084232355
-0.39565984621522987
1.4644632328317386
-0.40736886680134055
1.2276247586601763
1.2785585310107304
2.290261913289343
-0.19614991806926965
1.2084457433632996
-0.1767565304321409
1.9003218390503358
-0.49582808321649086
-0.7453578571515735
0.0550612507611854
0.006843384974733892
1.6520735023524868
0.1880421246097794
0.26386272355763724
0.40751579131089105
-0.44358817203307077
-0.6921696953755594
1.623555204325195
1.034113425263647
0.08995834840196754
1.2231103221731394
-0.3830339071104367
1.704885612289718
1.360099089838506
1.288106175826052
1.610431670215
-0.04235949002124002
-0.3473246014131433
1.6967261680194974
-0.4145467728636533
-0.7502337533301724
-2.0640164182496368
0.7185116923524097
-0.1698195367195865
-0.13188807196601396
-1.6196612193729634
-0.4268294980354648
1.2191713544961487
-0.22711339907831207
1.4168558769300557
1.3152898058857443
0.669826562277162
0.4299541375900412
1.2334341044270087
-0.6714607908714806
-0.46667165237845454
0.06180984168994074
-0.3944529185363779
1.011847259365294
-0.7456639184931828
-0.12713557311546597
-1.2334423975251891
-0.1552885021104452
-0.32132920236985285
-0.2314305305592079
-0.40835114603672745
-0.45547590157445716
-0.13652554893361335
1.2542830537838894
-0.3409120123805689
-0.07403644192236294
-0.1873759897866656
1.6005332671104004
0.3654822448020882
2.1444695707051182
-0.7979974543412003
0.43345987278782483
0.6917936114230436
0.9324006134025062
0.7797475179522969
-0.4030578428360715
1.962050716427532
0.1922045034023968
1.168737995630752
-0.220109443248939
-0.7068043562537205
0.2651267777892581
-0.15503801953039603
1.0817636308558565
-0.23871509416686165
-0.2588116141624854
-0.1713226615633267
-0.2090971432192088
1.4805258928630325
1.0423895425856209
1.782643904312812
-0.14118447275661739
1.113887280528096
-0.44365447190375085
0.9009486381110052
1.8266453129366105
-0.100145677519032
1.2777354188959533
1.314070871652171
1.2458527183157373
1.1957034958351722
1.446888426708012
-0.25682681230086074
0.7790130054239617
-0.28805871518389836
1.350108020211295
1.4323255134160768
0.18020593080633057
-0.5113522562992383
-2.1924843494637907
-0.044569593662814516
1.25830922519062
1.19178373953266
-0.4450304608115592
-0.7855680928700042
-0.5145192104578582
0.6282668775463807
1.054014911639647
0.10063760023619298
-0.7146673742257366
-0.427971780310942
0.18244892553327932
-0.11085317432658925
-0.49755864111152814
0.639096771307783
1.4730884750227937
1.175186723907478
-0.5495059356410865
1.1999383811968598
-0.1958701633150084
-1.2548965904599299
-0.32963946297906227
1.1804296448927571
1.3469773252770771
-0.07600121078966324
0.9805620142811812
0.04403755723772327
1.1908678788915443
1.5485619807482642
0.5952683665325549
0.32111031341787655
-1.756627081271196
2.2457201055701725
-0.1384476898401904
1.2095221113215369
1.4030861879499628
1.0150380532973107
-0.4470793455117804
-0.7612716674814823
-0.7455984946510639
0.04042532950325747
-0.15742169887557028
0.001317163417085876
1.4319406449326504
0.2356000641019853
-0.33691064900281653
0.592588287134473
-0.7842873697262033
0.3162331785426152
1.1551452450944661
-0.398563149640522
0.6590999378018911
0.3692377605392362
-0.3430079254038054
0.04845316700780322
1.468356918599909
-0.26629147352476923
-0.1866914794069503
-0.17440353978577303
1.161206055574369
-0.4095154526574143
-0.9015898840485164
-0.18706869046898064
1.068459295900441
1.3569073581557356
-0.6072032494572129
1.1163255736803208
1.1679758123260993
-1.4534036800272987
-0.07450019479424275
-0.34951570313155766
0.9902652965788024
1.2119481349932217
-0.42860493717775844
-0.14225140559539118
0.019964911022579374
-0.10838930537356445
-0.7224301463326797
1.2144290295527478
-0.5060073294110282
0.4056702933925864
0.1586529105505
1.3748694386769054
-0.3937858923975116
-0.4487423939829102
-0.06807645280132887
1.07814604332235
-0.45631593019720007
-0.292430124973349
-0.3768137429975008
-0.010989195127561743
-1.5569980407305621
-0.5552889402310461
0.10607886640001891
-0.49946269897970585
-0.5976529425792299
-0.6768440864736365
-1.2356091228122739
-0.2977206010930852
1.3437309828475108
-0.1354435610505762
0.7956486448648864
1.7879843068658938
-0.5631382363627868
-0.3694418169787248
1.3344809251921563
-0.2844231029756745
1.233837890750827
0.28890779924654586
0.8841363358476055
1.8783814637035876
0.04424820311987057
0.44162540304838704
0.6366365176891697
1.1349949547199454
-0.30686910633345316
1.3444116448794352
1.418373577421322
-0.34121308269497336
-0.08892063166255881
-0.38638906389113337
-0.6618136828616317
-0.12871818135895288
-0.3231519526308405
-0.2719007918516003
1.4888345580487292
-0.39846040592467336
1.4350340242896946
-0.1302581621965789
0.45760310386912784
-0.2752913413704808
-0.2511009843292658
1.3093747175102717
-0.07307083316746446
-0.5855762951090475
-0.8190849902790296
1.251346027102712
-0.865809137016483
2.245864878734821
-0.1731228565137375
1.5368092234945023
1.6043298885073756
0.06041719689021034
-0.22737572605640627
1.1656783370412112
-0.28573678672896785
-0.07188948987284408
1.2508280537583032
-0.5031540515596203
1.3387411844795964
-0.38585403072271013
1.3592961674970234
0.19972373783688135
0.16728076625120342
-0.5625813973494131
-0.8920830628956389
0.34274976094913107
-0.49196586817883187
1.12533195586286
0.7531871378365294
1.254601315809999
0.7031711950901549
-0.4885692606912687
-0.5475715166014068
-0.4243639029300031
-0.7199873056831053
-0.8366611328001059
1.5407736698590886
-0.3599905874375856
1.1098489421839512
0.3506755473202532
-0.48350713384508953
2.0368018477325505
-0.3963249834642321
0.2116677794783969
-0.07608281880777437
-0.4888147208424483
1.6881115586195061
1.278791102621689
1.8444089319795514
-0.18854788666776373
1.0022577554192753
-0.19548308129029862
-0.41823735319327626
-1.0219955968815753
1.1121324815350664
-0.19805705142090024
1.3548595867265265
0.1594881072878354
-0.3196957532111736
0.9273592586773558
1.2102718134608665
-0.10517235878848846
-0.24052255832171662
-1.5428313588471498
-0.337040132931579
-0.3387468119140903
-0.6665550293676005
1.2484715934964723
1.2127105760429675
1.2835485662205577
-0.194500904872401
0.04260409784119079
-0.3586423293357599
1.4168238468296268
0.5259639858200955
0.27146135804872895
-0.41393183093433417
-0.10700164448733071
0.9100329402084688
1.2597846020288284
1.653147736320796
-0.9478140538935809
0.2870060062653584
0.11042216726787664
0.8929606703938355
-0.383071023920338
-0.14764273172070916
1.0339960405189497
-1.0373847274601262
0.3828343675061428
-0.22656398008162681
-0.5016286045774012
0.7888109054781575
-0.39781222760617946
-0.09401739511002993
-0.2267985477199161
-0.4625714212399207
0.7635410279273888
1.5019968760447835
-1.9346044350638576
-0.30659277074364344
-0.5719382051249505
1.4029615041229873
1.2429612989115018
-0.2725560391202141
-0.6623022429894321
0.9834823289772624
0.9319544363480775
-0.3584955224603417
-0.6127289648723164
-0.15897860298758126
-0.39910834864441114
-0.5635930701291858
-1.6632651408408665
-0.25906640338320275
-0.5665078187791794
-0.3697968337884594
0.9746158618963396
-0.17965089083490376
-0.591471700405647
-0.38325345119931997
-0.1902955184006847
-0.49168547797863627
-0.6157794085793509
0.3144677081456507
-0.7584001150023447
-0.6768576842011236
-0.8620133727812698
0.8185373120759618
1.193815619876961
-0.25515002905519585
-0.08530867158092048
-0.4603537710825464
0.7558074888900205
-0.5254223871533911
1.9451895931321252
-0.4627459301130867
-0.551233391097054
-0.17578120989364224
1.9377878027131956
-1.8853407468601047
-0.4295428637550227
-0.6386286723958524
-0.0471008581114301
-0.8193571830439883
-0.5568669748407976
1.240918743863661
1.2578566183817
0.2562349857690368
-0.39926177526132217
1.3722946871162625
1.413599723164571
-0.1799079308340354
1.8252016787880843
-0.2058726556835476
0.9859712629796044
-1.1593404624342312
-0.2513517191909045
0.25607807627575246
0.6491197806912072
0.06582744366284018
-0.6878767438286956
1.7602574776648172
0.9082615729619734
-0.5311329605000576
0.254191521821879
-0.4547244135436506
-0.4879223381479191
1.0469222218225633
1.3980259155407915
1.0365070096804199
-0.02401287361750384
0.11694886846250212
0.8558234327025307
-0.6376115322713583
-0.5859603046138491
0.39794905295199
-0.3412019255450023
0.8894429047915314
1.7093450552748475
-0.5031915772068044
-0.37485024119824
-0.21703802144014273
-0.6153913661820173
-0.22122814673519867
1.0982426172779327
1.6333637793872946
-0.05343388564381343
1.666112459912548
1.2457959355895278
-0.02867340608343985
0.8279411410362909
-0.7885799838051146
-0.4370195329416724
1.912833324537184
0.6969606984708776
-0.3746721828219084
0.88229667599127
-0.1736212427740643
1.1810650355611747
1.438670041855432
-0.5811278992886215
-0.5784014485434624
1.033991509084187
-0.6666553046933382
-0.26044762253069037
-0.2673925799183039
-0.41024273088463203
-0.1784724378746884
-0.6031380631227994
-0.38088565153405685
-0.06556437276549743
-0.2782967199101395
1.0864917612846718
0.01942431774680487
0.16658945608473727
0.2789730920652355
-0.6662879645263444
-0.358088073925088
1.8089977269240212
-0.8225415446269655
-1.0548210938612201
-0.044453957742197917
-0.7396664202037884
-0.01818905712268798
-0.17710952051919104
-0.5451343623558352
-0.08142425461222852
0.06317575212619822
-0.7796536648656759
1.0656302671513904
-0.3944817659207018
1.477329294302544
0.09730837538977334
-0.1346188751800092
-0.42784281324760753
0.07291441821029888
1.7635522173142777
-0.08805495132438623
-0.3502492534574052
1.3922533923138216
-0.46420166803025426
-0.31217193713595087
1.2327771391172706
1.4339091348175819
1.0790796380253536
-0.4829655131790012
-0.5889898395433103
1.173343394215022
-1.3728895644198391
-1.4287118839011343
-1.3752471725282929
-2.6492421323355733
-1.0270471781374233
-2.2211307904712645
-1.4660490896523115
-2.2347850291011024
-3.029256483072074
-0.5567871499453865
-0.15818479074998387
0.008565773624209943
-2.6947959917381983
-0.29951869426158023
-0.19216366113983763
-0.39888239445609597
0.6905702960646457
-0.14092451781735288
-1.0736316888069066
1.2371345554467092
1.4871673973674686
1.013370105750123
-0.4471815130942762
-0.5471624109031994
-1.1366585103296303
-2.072764191653202
-2.017404071633912
-1.5667695726156925
-0.5469756670612445
-0.7483438819711734
-0.29099774985922094
-0.5823827937581604
-0.4967289832764165
-0.9064601302627853
-0.4393572128103512
-0.777999749531024
-0.4468196249382417
-0.6144655624143583
-1.817745253979059
0.3670280836669269
1.5435014299129977
-2.2794588310173665
-0.586623444836834
-1.6135369911541244
-1.5928041600796252
-2.9295101271230246
-2.4578392553782376
-1.4824070701952086
-0.9627454116176517
-2.6318310946327763
1.281656628012898
-2.7723203067811357
0.3602972028047443
-0.12778005491866337
1.257859138339939
-0.5202182267228738
1.5830386689603348
1.296258359215074
-0.348363957762042
1.0227436836081392
-2.7386899427133193
1.2037835754489865
-0.8525162510622615
-1.2708224089598383
-1.8632121329504363
-0.7237456675086502
-2.150200024197312
-2.633763086408408
-0.5482993508667677
-0.4396638390078236
-1.9078110824329477
-2.9415224208755344
-3.117115514399187
-0.03105677504693985
-0.2904767526987472
-0.1986904948211945
-0.37983498978255803
-1.7156848092414698
0.037064130518680474
-0.5789327068559362
1.4082503205180128
1.2072773183045498
-0.27000203174272086
-0.029782502015833552
-0.3607437357360621
-0.4742817044165859
-2.296223784527762
-0.6085913057228278
-0.38120987633328496
0.5171568306429537
0.35078307533379405
1.545523582694785
0.8652062321678013
-0.3311806550983099
0.0026790808580467868
-1.8878146457057907
-0.2631390318589967
-0.0960813223364744
-0.4415816307166927
-0.6100842633093104
-0.7364426381173492
-2.140549734565756
-0.39898378808418533
-0.5259831384212275
0.5097874204086916
-0.26322658894047346
-0.3768355770602063
-1.1640708202190726
0.01943172971536941
-1.3023481951223097
1.666592617288493
-0.8233521138377142
0.3814921655639046
0.6491377160001388
-0.2819910284923849
-0.12505112744282043
-0.023630197446163733
-0.3920801166025276
-0.19175995619619152
-0.46662429593225807
-0.9086096500372973
-0.4038302992186139
-0.8649906894213042
-0.17201594093208905
-1.6307296476093476
-0.24100996461874896
-0.3625253342290234
1.1335706181763363
-0.6924530171889737
-0.663123345599794
-1.134265218917089
-0.6836135045569467
1.7541598153929334
-0.8080935657363959
-0.9728491070920617
0.08435277413846928
-0.8374259179149643
-1.055649409674418
-0.3266590012062299
-0.6878072389540546
-0.517199776945548
1.5550566823323737
1.6052546007163717
0.03455251292445233
1.228294732021135
0.09201204835493132
-0.13634631224832688
-0.6221867288954892
-0.35910693882061806
-0.20946761305757286
-0.5307448127475953
0.02331241017762617
-0.11878782844070913
-0.67236079559882
-0.9034740637179126
-2.101955075814928
-0.3679373558050859
-0.6157578295786298
-0.7107839158506463
-0.6733794624963336
-0.022756573796755927
-0.5598105518537135
-1.4936721150915204
-0.20134982903400947
-0.39131297530488485
-1.067869127357847
-0.38805437429572354
0.15799536007833878
-0.5640830912537114
-2.1714490688101264
-0.30838084881151173
1.0023745999829714
-3.3951807656209745
-1.8432635431574633
0.13167335018374135
-0.9852256864051836
-0.6603697470918753
-2.3002448264588504
-0.39684100001940814
-2.0245086577220612
-2.53599638074283
-2.4355091284578747
-3.0850238423439507
-1.1312339521097068
-0.49682468266084717
1.1365804184631891
-0.5533746215238626
1.5735146067333532
-1.0088604098095324
-1.0747333834142152
1.407024863601428
-2.0350867650449898
-1.7416199609456702
-1.7370976175894985
-0.998573938637034
-1.873464151047036
-2.4348124430592026
-2.091790863547179
-1.450269572721628
-0.3970374234725317
-2.0153701317925363
-0.5022356043824816
-1.7385989531105754
-0.2314495318931037
1.3033779323039716
-2.041327584404716
-0.37236731243893256
-0.12355936228742123
0.024026134505978555
1.407744569848576
-0.39846586731474476
-1.6224645141335083
-2.223009867567681
-1.8078668943656635
-2.400629543207491
-1.4258832846631337
1.258546115542694
-3.200893107869694
-2.087616332176606
0.45585919237851064
-2.4880969657365286
-1.7081284402382193
-2.2319189364206786
-0.4361614607361624
-1.5031049357910387
-1.1228895085196258
-0.2048031274889563
0.5179150509927195
0.8937390852262959
-0.012911759050850236
-0.28880653954179464
-1.7510505774363003
-0.8958067547763852
-1.0677972981253214
-0.6768781056277691
-1.1617098558464622
-1.9612589075381575
-0.8626774769337294
-0.02958434172626522
-1.8010844423005246
-2.739128631811085
1.2579275324812293
-0.5918844974634626
-0.05329835146442459
-1.8408575351499108
-2.2095040785667583
-2.4223528197520645
-2.449746413349441
-2.532533484098777
-1.5699722053157794
-0.23691080039909376
-2.935880183144193
-0.8375965362547364
-0.28136721664846986
-0.519696632979405
-0.12355491371232324
-0.7029387940394168
-0.47092585797970954
-0.6416455495810833
-0.7196687606995685
1.3742211697181834
-1.8797911378130157
0.5193545525953469
-0.31982842115629845
-0.06840132142580826
0.03756186629320474
0.019159786875143178
-0.7947721686768954
-0.8472612200730845
-2.1193760652381513
-2.294340885821917
0.2757693393296768
-0.31060894890349844
-2.4839491750268237
-2.2967161060036863
-0.44040769890490117
0.07721620089636283
-0.8969101293750382
-1.6459230982667736
-1.7353150542282605
-1.183096080322111
-0.43835425606779665
-2.2305024338181267
-1.0144567284422228
-1.6355974976569652
-2.2276870812927427
-0.09835966672930604
-0.8845145206759122
-0.35767671336520573
-0.2479707413540475
1.3783045511393932
-0.41226330735672934
-0.3587212708999002
-1.7304245756804948
-0.24715165592531843
-0.2510391281112884
-1.2790226826643796
-1.667889687582068
-0.05623282041605516
-0.9252905593009211
2.0610081509919898
1.6610462637557706
-0.47261681346172757
0.3914647733231247
0.438374886885305
-2.2527306605937953
-0.3340289671061769
-0.8937324250945288
1.078541444445452
-0.33164805855025553
-0.9953205701077921
-0.40294498519100347
-0.8576301561622609
-0.7568175435890455
-1.351222435886164
-1.4296966997124945
-1.2900931275765848
-1.8287008555016837
0.4310433463327262
-2.165489813229527
-2.1360684114257404
-1.6153754085583973
-1.5716034178560294
-1.8430649452883066
-1.2127187645093676
-2.144979905773103
-0.7417725980052121
-0.2736563892325977
-0.5232966375662037
-3.0050133531800154
-1.6555773170481012
-0.41282276202954893
-1.6218342356609363
-1.0544738789222459
-0.39779368726778175
-1.9313382289357595
-2.219507869352974
-0.5024036841170736
-2.2097799071771775
-2.4804993605426198
0.1268072387496327
-1.822632843343852
-0.8300119349032844
-0.5560797629659475
1.0116921920679478
-1.660143501529514
1.1379102987614744
-0.6604079160148095
-2.0100726009294334
-1.0614463363240327
0.04591951130612858
-2.0349547873755216
-0.7496871458698227
-3.012741532346898
-2.0284481261548364
-1.6865166674626355
-0.2256380867081286
-1.9756810922097614
-0.39036677540591697
0.7385455501218978
-1.1854674814995692
-0.7172304553535407
0.06980242617607713
-0.3792385833975428
1.121669322782647
-0.7051863569539117
-2.2503599640100784
-0.8139544289682199
-1.9778545478092275
-0.3920283112492795
-1.3726902598070239
2.2030036270432922
0.07252785303255299
-0.38464702884445456
-2.1676665025052726
-0.06471168433078603
1.1716581028111503
-1.1754811048063614
-0.764997298702082
-0.6401211609565766
1.4975492356626958
-0.22444925090544143
-0.6833242288166553
-0.23968133363790387
1.1061363204217987
-0.5307832971198259
-1.2719131943972894
-1.8659013937840188
-0.73212599229685
-0.3565538736659484
-0.6841153547463033
-1.1077982674462077
-0.5396050654469555
-0.7820319005647334
-0.36061507519837366
-0.8635107064168532
-0.7522932634974062
0.9010126462277741
-1.5672868273056495
-0.33189246680985074
-0.49346178710491573
0.719206009925161
-0.8011932174567118
-1.0123988225943834
-2.7665371943042456
-0.2766410508032634
-0.851176274037502
-0.3584918202477398
-0.21445582847775876
-0.36728765219479936
1.0985517263436808
1.4191293518807893
-0.40548393771082347
-0.745786381954967
-1.3705993117033608
-1.529091734946095
-0.6591426003515448
-0.39407774604260737
-1.573270497702465
-2.2198987017764202
-0.25435066227385256
1.4594109645524669
-0.19039616530732884
-0.033940954877644015
0.6046300097082613
2.065826182260547
-0.33006060381780156
1.1474977853652424
-0.9783841960964434
-0.13669528400471523
-0.5093972787919501
0.20398052080042686
-1.3965312228868423
-2.8573788969852485
1.1805305792616188
-0.3021381209454278
1.7528778237482279
0.5643274891773798
0.11201342702844581
-0.14589976642677147
-0.14367072851518395
-0.7730491356018522
-0.18518086149146679
-0.5388909472890804
-0.2558813681737609
1.2004139386044885
-0.04595834918217394
0.01494614562371508
1.7050745440707817
-0.2996113974832795
1.0597227779580936
1.2269283209780522
-0.3765421190565725
-0.6442634239005501
-0.5904589465756459
1.1909878265879983
-0.27575143948854236
1.6092375626215198
-0.48668860393928526
1.6517939152356562
-0.5034877762688053
1.6709659841162663
-1.180327758699221
1.3246360715082095
-0.1248150526801613
-0.6320618511441429
-0.23610900597925216
1.5641133683200559
-2.0803604653977468
0.24674672685389543
1.3096676712026825
-0.391402472628646
-0.6837131585136926
-0.7981125846767236
-1.9413711281333428
-1.2966325178951525
-1.2814584638402933
-1.6177085673923175
-1.5297114549830177
-1.5493819440104524
-0.6265673668492346
-1.9571870572257695
-2.013402155369108
-2.0791011085210247
-0.3939136387825546
-1.9556459900970484
-1.4175580508572683
-0.6069793641593193
-0.3840637709784451
-0.00829705411429734
-0.39421812024606195
-0.5502369653025703
-1.7619632900878488
1.2493804278566878
-0.27745716762670575
-1.3531531794395695
1.3380812194098661
0.339663766122055
1.0023543052986654
-0.8803184996112586
-0.17299060469538835
-0.644348276344477
-1.491235196522942
-0.6948738548170158
-0.3769314680455892
-2.7578565599008993
-2.746398980985186
-0.32233662139713193
-1.484909913251346
-0.5106623450109855
-0.761387546191576
-0.6107587945112701
-0.7155391440829451
-0.8503037890464404
1.4725092839942406
-0.2988965044339208
-0.7105969761086462
0.0961845521329536
-1.7647090949645075
-0.3682883507374921
-0.8906294235561111
-1.5690286657458623
0.7313804486785582
-0.6883805717100115
1.712344798299842
0.05993480616333895
0.2823191904791944
1.4611366932969745
1.725508754147659
-1.2703651743803317
-1.967940862961279
-1.4196992383817282
1.4867238245759187
0.5415812692022429
-1.8639133903954126
-1.8538584593327232
-0.4207743426370075
1.0794775391685083
-1.2408086730682624
-0.8217912336099108
-0.04380636684960961
-1.9756215391144885
-0.20777141901985707
-1.1184067826941237
-0.8527683518338761
-0.5633104452259108
-0.6598511918945899
-0.37883118833454854
2.0662299457165982
2.2051338548301223
0.009151150306556402
-2.735273979703399
-1.6490207302507152
-0.4816839921900036
-2.2385994998869183
-0.2933224010262152
-1.4428088934748864
-0.2611212907833787
-1.6629582482097955
-0.22471366510179805
-0.12013531736020433
0.17861014221585114
-0.985548644605742
-0.17060745337276434
-0.20762363675609968
-0.24521474150716513
-0.7402145607539369
1.2574117940959602
0.7480203961463348
1.4442388467167468
-0.16815103933586398
-0.6620840496909912
1.6725342889115153
-3.029489395511524
-1.8468723914960417
-2.091179696345237
-0.18432579485818734
-0.843132014943069
-0.4608499447057619
-0.20629844446694068
-1.6147664580269392
-1.7454941174499918
-1.797830293689914
-1.7080854903685196
0.625701440677745
-1.1415781829441685
1.2870747897757062
-0.5765064653452852
-0.117465584093666
1.0913291655579698
-2.105549608617673
-0.643421098756567
0.9081277563102541
1.7657642282525212
-0.4593919566019995
-0.110752538355634
0.003259422401814833
-0.45142342260212687
-0.7391892452160017
-1.72393225014857
-0.9435130087637
-0.44716311339778847
-0.2462859706348125
-1.8690777019773233
-0.46443783278603834
-1.7465194823906673
-0.017922760011631803
-0.16463091551301334
1.5528081700531708
-0.5500658630590406
-0.9535538237935479
-0.33460975780680247
-0.5400359869574809
0.7828480792192664
-2.114069508785288
-0.5764668245107376
-1.7230833549274303
-3.0286807400092624
-2.666968687282302
-1.0425348845043159
-1.5638009268248168
-2.001897568434039
1.2166988929728988
-0.5390720762836752
0.14808706503656388
-0.7631247742517332
-0.3055293968723626
1.3494303233014109
-0.41506622549678673
-0.34311499887700725
-1.4080469314411967
0.011951655749979022
-0.9436789396914446
-0.10269640297293361
-0.5002574785664491
-1.7888873265298093
0.5716538547375218
-0.9261139686814908
-1.8328813783825986
-1.3551928176709613
-1.7659158349914679
-2.40364558099193
0.11632339127311749
-2.7375527211608848
-0.5476099119877086
-0.7542372342704502
-0.7905371695199942
-0.7379203826308365
1.501985644977193
-1.4439065749117796
-1.7246585928625544
-1.1305425481172957
-1.0483106437847987
1.3748006677582674
0.1643677286825807
-3.2042518625562515
-2.021305444467484
-3.0051442867648994
-0.7011103931532325
-0.6563113019398394
-1.996057135329186
-1.4054148250054925
-1.7792381642777388
-1.6859521806120208
-0.32989712478380445
-0.5505460021064206
-0.3174583477292437
0.13316268851118304
-0.7302540095356955
-0.38601327965089993
1.1264215272756153
-0.3659253929892151
-1.7824918245624661
-2.381685740621612
-0.24915477764555927
0.13055420490521338
-1.799289173057322
-1.0549833850664405
-2.822699005877982
-2.9512815837693074
-1.4676659774467966
-0.16761851758206725
-1.6712006950544296
-1.9046138761887763
-2.8803739140039424
-2.0962610239724926
-0.12256936379774659
-2.113186934518353
-1.0477127037522755
-2.5973794573824143
-1.4301769258431345
-1.8904464613039473
-0.5803131176274003
-0.283512920308362
-0.08227586628126257
-0.7650428366719924
-0.11680080385401517
-0.3885156162806284
-1.0097910037903315
-0.2999467020067571
-0.594396541920989
-0.4492962774230298
-0.5219469763358822
-0.6441194506207447
-2.4314726044007866
-0.3083829691326866
1.298879111760829
-2.0339363643069666
-0.7738717191396965
-1.5363828268043491
-0.8340298012418925
1.057381580812803
-0.23526780361980454
-0.7289466158944748
1.0998443476547823
1.3785502481088332
1.3801361751442371
1.1958204640609273
-1.5413393980306886
-0.9009744621463371
-0.3029607686062524
0.3726453422697586
-0.3268101706032456
-0.7355492858094549
-0.698049017316578
-0.3716524869275386
0.001966389036811584
1.2962645294382384
1.2579859015486798
-0.8574211033701096
-0.15223583588384318
0.04170741617633234
-2.1836657182529113
-1.466927956452166
-2.1404820422518167
-0.5043629303511439
-0.443320650237367
1.075575780164518
-0.0014209964252415912
-1.6162637814642742
0.9042111962637059
-0.6543677267457688
-0.5090576303421346
0.21534634809259884
-0.8109884458618262
0.9078834343770423
1.808669719863676
1.238274909791953
-0.1702421541487235
-0.11690778818556868
-1.4521805658463025
-0.14785334288461774
-1.7436044476378119
0.0588710739521176
-2.1617901439181004
-0.6328509756564942
1.8552932004833627
-2.3340837188601453
-0.9068055726405989
1.2775101762662495
1.034890664578017
-1.3435051393708073
-1.149018256659493
-0.8782053958335794
-0.8022941167975722
1.320032661463014
1.4081168083400921
0.7434020850092345
-1.970465738537884
0.28533605435116033
0.02575800248560013
-1.8539022501135367
-1.872986628966553
-1.4699546366297325
-1.849496653634128
-0.30224243282756913
-2.0324313658225788
-0.25019882729743315
-0.2391805764358093
1.3712822165521412
-0.3959837545452606
-1.4774761363570736
1.4980998507381256
0.08844713311502686
1.3674299497730806
-1.2449047453626827
-0.16463502689927662
-1.2787426816994059
-0.4475495295470928
-0.3050919117544719
0.865764665337055
-2.3222462924594103
-0.3623127815657329
-0.2758203011509057
-0.45260652528947887
0.013812385857000162
1.543236475569957
-2.2952434613283277
-1.8122430814822774
-2.0072836733888337
-0.380320657550496
0.2575612112755415
-2.568637440804637
-1.953176269539191
-0.5764157342530928
-2.4578505641496875
-2.3247115305527997
-2.150576007075233
-1.4698313437853139
-0.06517870440649827
-2.064395253739729
1.2273240819235807
-1.6919467990687467
1.513198125284181
-0.5341413705810292
-2.1315657422798164
-1.2832053491756052
-2.1736214011911574
-1.828485400749602
-1.0876117583175073
-2.6242119013639984
-0.9810948562194346
-0.28627196858431886
-2.1878591861053738
-0.9375787492456258
-0.6188195382529548
-0.5522004985555015
0.34371846738534845
-1.9207053566017493
1.0077211443887593
-2.142652900226346
-0.14924069496635756
-0.3390598704002474
-0.2638558967792869
-0.380832081933555
-1.1970090341747097
-2.2265663992118947
-1.9708072253380198
-0.540901248510267
-0.5351247979846059
-0.4866214983034811
-3.1899337156959415
-2.803158393731721
-0.4064844429548733
0.11793452746488564
-2.015486127244327
-2.5518822540836696
-1.7613075465185966
-1.0826202551806732
-0.4444573580412861
-0.5951345228934641
-1.7966605659624881
-2.04355854503307
-0.3018006563869555
-0.3118272785606112
0.09991919425540208
-0.3703048753560298
-0.8499059615138034
-0.2314117282894888
0.049812308436040634
1.5477168274102502
-0.861433050158988
-0.27679856915239387
-0.363014700198393
-0.6472921558386375
1.0263994593079993
-1.8813377653592882
-1.5231304758282067
-1.5897812754385248
-1.0810721295181671
-0.5630575652146457
-0.2688170237783249
-0.8418944421645522
-0.6471322392980499
-0.35760919303131944
1.1377407540303102
-0.344540758574603
1.442116641685328
-0.29340462106870496
-0.8422100411545335
-0.6080969318773104
-0.49089972176491914
-1.669171890169526
-0.6195115149989987
-0.804194427801184
-0.46345870171832115
-2.8323209864985164
-1.4620433774727082
-2.1682555857361603
-1.9569634106314615
-0.4015749180132504
-1.702596533542199
-2.088036160364592
-0.6724682383103702
0.9370229563300534
-0.6697614821460736
-0.49161556250014615
-1.0139388284427868
-0.5536042273062907
-0.8603398430721921
-1.462737033497609
-1.8435422041905756
-1.6831999208103456
-0.39752249760868785
-1.097302034333444
-0.1564913174603927
1.839439993161061
-1.5778381125017664
-2.407721080001565
-1.6227366063794493
-2.3953269827148365
-1.9512216849569297
-1.8165753630063903
-0.5329234169748389
-0.9408585510496801
-2.0447289859210236
-0.8528623447399812
-1.1576612370474506
-0.06729756228817543
2.310135988064461
0.9837297161265022
-0.32203176356747887
-0.42772807402270446
-0.32247203617839837
-0.5178908356540786
-1.79538027321203
-1.3511534666277767
1.1972499010313884
-2.241641496166771
1.400641728121538
1.4417954712321719
-2.1363577188228584
-0.6954859523319248
-1.906014336875606
-0.3240746097723512
-0.6706953336450415
-2.0809485222186037
-2.7831161471114663
-0.4134749263507494
-1.6808694435150753
-0.1666473599365073
-1.4426916422962495
-0.3447550180403598
-1.925185598319882
-1.0718368061517358
-1.616805103160111
-1.0060151055303856
-1.0693272883015044
-0.9868149733220997
-0.36458444434458914
-0.6757516964189452
-0.36425779220390575
-0.542938015057903
-0.22567731228155286
0.7363922061620516
-1.9258292019095355
-0.6301983797040625
1.344317447547204
-1.915386445982866
-1.8395573141549089
-0.041300485126250244
-2.3902949107465226
1.2510365367829832
-0.9399448215609314
-0.47388289091601976
-0.5347286011702217
-1.0879588541381635
-2.024644787892672
1.46552954214294
0.054003806210672356
1.3739938766028024
0.8312031447682413
-0.3709841531063597
-0.10808799274972589
-0.2756399315368991
1.453795439843351
-2.382085581187748
-0.29097671641997225
-1.130129882155651
-2.0443036743707537
-0.12141448252399858
-2.1111493200585816
-0.3998500689340586
-1.0017742787080077
-0.6716206844371833
-2.064416332692219
-0.011763840729663855
-2.333647000477862
-3.3435153534436424
-0.6360104651137943
-2.0384525895919516
0.15295075061725363
-1.6688286281304487
-0.6825590868421908
-0.10157438226647905
-0.3920868900507908
0.7664131520465522
-1.8912078373319372
-0.4696225498804193
-1.0810536922456682
-0.3006477385541868
1.1586653839691663
-0.713654857040467
-1.6266704580741722
-0.2866448244548451
-2.0157635812208645
-0.8139044634321619
-0.7263028365244641
1.1895420416706535
-1.8659046724390353
-0.7435034428632399
-0.49066403555594396
-1.5872005180062847
-2.003201848187523
-0.7606403774157525
-2.268618378807045
-1.8578599042638628
-1.029182186876069
-2.4721927570512388
-2.1388611843280434
-0.6028105367766889
-1.8003568619790435
0.5930494366887351
-1.8621442067442613
-0.07469308224206107
-0.33078464992720075
-1.9763691878832654
-1.764207597697666
0.05813168102044659
0.9519942803769053
-0.6585830139611438
-0.8259312986236165
-0.9130268571933717
-0.32733589427059673
-1.9654996359818762
-1.083443048607282
-0.40985132181673367
-1.8850755025448365
0.3001893694772263
-0.4317277855776664
-1.642818269002412
-0.4733018737153144
-2.1426862790058063
-0.16411147075282498
-0.4309896337618234
1.244502802678671
1.46151764458872
-0.10701536739780929
-0.3389359597267856
1.4857099375596228
1.3335187784656601
1.1723608931795444
-0.2947861043754017
-0.3109313093620195
-0.07762391772173337
-0.3334472648183681
-0.45476190139147377
-0.2912557454291975
-1.6430874202449761
-0.23997312548924635
-0.3016450704006791
1.6038420369415172
1.5074194982597748
1.0689270414080614
-0.44805150574278785
-0.2740720683398381
-1.1381125681180597
-0.46963820087223496
-1.734594872236115
-0.08461810578096968
-1.734997130473128
-0.44895709946396234
-0.7928225695990045
-0.9691329781302713
-0.7857485536901828
0.8369356859072739
0.061235703669548364
-0.5678263016852619
-0.2819373304460001
1.4514284110162272
0.31282569692631723
-0.23558008926754248
-0.5215142486980944
-0.3125130383225345
-0.6006856837608932
-0.031553305231909676
-1.4991427812190072
1.663942373387107
1.5426920745257515
0.15969104591208483
-0.3041830481083917
0.017798701203255544
-2.3990730515307535
-0.38492227915817767
1.0093926653937033
-0.29638968477316596
1.2998364325681386
-0.14027094270483573
-2.2912731598948515
-0.16536879333077958
-0.5620168919970386
-1.7988776371211375
-0.6311175820604116
-2.9965364210576197
-3.2677273633440818
-3.1680330114495776
-2.9275327023602262
-1.5627492430889156
-1.5480776832293568
-1.9510745696298404
-1.7389105930743325
-0.8780559215711702
-0.0308047985187882
-0.40993915095937405
1.1223382827907127
-0.2945957456338171
-0.3164657389418261
1.4852686940698039
-0.9347378557994936
-0.1527036569878796
0.5522253282240125
1.3567613169286845
-1.8432012011752903
0.31525738610621656
-0.9671325353099176
-0.49144578760231517
-2.197125109911369
-0.10793734813725181
-1.8364609177009656
-2.2620441123577684
0.1503318194700585
-2.4854986758677287
-0.11633677645729315
1.4757395018469106
-0.0692409654471682
-1.8671509021826194
-2.0914472468617653
-1.5391916190815156
-2.1708804683431486
-1.689144755523818
-0.30868800251572925
-3.1057040257431066
-2.864241576248401
0.23736628893909184
-1.1864971560779591
1.0365366741230024
-0.31889412741411066
0.9617851463704945
-0.5960076894449023
2.0317094394042305
-2.911745487365251
-2.129600007772579
-2.760420801420509
-0.32502012820103326
-0.13635976431497449
-2.193489886921373
-2.245751094446039
-1.4396590739134405
-2.7024145673693356
-2.2788009167480148
-0.4124564112261834
-1.8703762587163584
-1.8015902603689486
-1.7902912772519626
1.3536405210164666
-0.14952347092216992
-0.5085147057722036
-0.20824649903749257
-0.243969309013017
-0.4919353036580595
-1.7767457908711282
-0.7426136620417997
-1.1822373185900552
-0.2200565812268646
-1.0206858335909836
-0.6279083063767078
-0.6010222985864443
-0.7121436621896975
-0.31874176259889575
-0.7518065814217743
0.23178123107790716
-0.4704821049095167
-1.7540246158794266
-1.3137857364694463
-0.6455695686466989
-0.457294356672695
-1.5409760115016033
-0.7626989363275822
-2.356009827659933
-0.6296123098040602
-0.018427039578649648
0.6550649268641633
-0.07744801333635826
0.10505652755605281
-0.5427577178165204
1.0850795718709119
0.08769740413415365
-0.06546443131123825
-1.0423919861781341
-0.30312730520856174
-0.5167496261848985
-0.5535919136021763
-0.6431725164317241
-1.912303044497552
-1.4519179909787376
-0.517893756415967
-1.7154874485249187
0.814511496423488
-0.6850518622572346
-0.9422812799805851
-1.2635989959724139
-0.28380768298045156
-0.7045571978389087
1.6053729484443982
0.9107383086035403
-1.4676938632231453
-1.477925613533206
-1.7979024077699934
-0.9504611380706577
-2.2574943814289314
-0.7675891263840311
-1.6366369239951009
-1.5953017953592292
-2.961638341726437
-1.9855001645767767
-2.959105498629725
-2.871622557094606
-1.3231455672405708
-0.20171404236049556
-0.7896184168830596
-1.3820075842890822
-1.7750387844602002
-0.9049023403092266
-0.3706479868849265
-0.8318863654441524
-2.0753146015554877
-0.4262072519459978
1.277112348733613
-0.38016549358012275
-1.04834848198246
0.3687676911010367
-1.5871387901749947
-1.698959668166712
0.5732281795021986
-0.5099976779046249
-1.1178886916875355
0.10612748034953852
-2.2702560638503537
-0.5238772239692044
-0.7470970859253478
-1.2309334862230314
-1.0127161081600211
-0.3349035372605136
-0.5430215046635185
-0.30929988728925256
-0.5221925098743155
-0.4014205029042096
1.3948575077001428
0.21884107304390804
-1.660420756876013
-0.3169338361147145
-0.5304780120076957
1.7022424713440427
-1.6215519248839485
-0.6400842842726591
-0.7942262475106787
-0.585222827311324
-1.3109235365136231
-0.16368173442626247
-4.049817532766457
0.5895042967469252
-2.129733054306811
-0.873949234175156
-0.28187292822440974
-0.22335089980440656
-0.08479577162967632
-0.4950393382312376
-3.1267623758741028
-0.23534802320683762
1.7751254152105354
1.3675226682759625
1.2001544379995495
-1.594835670170062
-1.349715746051475
-0.22746712077879364
-0.281698291247056
-0.4509154352643072
0.030517146329979608
-0.6430251964281228
-0.6953015140050085
-2.2894069728900295
1.198394258924806
-0.7059298363766753
-0.46208937241964493
-0.4181831042325106
0.9881035234714342
-0.34170107920075826
-0.8660570271173692
-0.5123645868385267
-1.7711259607734926
-0.4831200085961791
1.453253556669209
-3.563335508257521
-0.3923785389970828
1.6270434874960287
-0.524698241088933
-0.8624989559253549
0.2860752062328978
-1.2805484832104796
1.9937564795478373
-1.4599132998877151
1.3728988987602153
-0.5641486071421761
-0.4105695761010686
-0.20486471049488275
-0.5637812370486095
-0.285857601442822
-0.36007467039639324
1.6767438371789112
1.8986122631271223
-1.50947319178221
-0.3704646101061718
-0.4017359457870367
-0.6546908418467328
-0.5427162400162182
-0.6129951842126284
-1.2696711177644175
-0.28932623011483
1.7213758979292275
-0.6015947998193866
0.5369349342809437
-0.6508811471643718
-0.917227124965591
-0.345684515041251
0.006051258169695886
-0.31091516657397544
0.617827909783287
0.10202741494382284
-0.432459339496174
-0.3124901779739815
-2.0034324388962004
-0.25622133160453214
-0.4501971002819478
1.1449448986859379
-0.798839116907216
1.8227740258477387
-0.5626091625417591
-0.1539745002051536
-0.43727449556808917
-2.5022763403305808
-2.1314691764815823
-0.2268399687693165
0.7226306454849691
-3.19025954625972
-2.1151810808564293
-1.7517609878255014
-0.40212419093570895
1.355471101391808
-0.5943748525688273
-0.2197521788417079
-0.2949777496625875
-0.4744072699365088
-2.4412104019817282
-0.121161829523693
0.07476569969459879
0.08355721736875031
1.6662622583673694
1.7621586134758749
0.2163776319154182
0.9379290319688057
-0.38885264152949606
-0.3030960116480289
-3.2238449077107045
-0.022739698493418947
-2.4978076831305582
-1.1143358494450852
-0.17947911972438566
-0.5228745034417603
-0.4119620070402031
-2.3024545109693424
-1.7333629764701282
-0.5028498313511965
-0.8027796279163995
-0.42237385966118834
0.6201848688899811
1.1582015837269068
0.1445998660501617
1.3797981378860835
1.0834077959507384
1.6664455326960703
-2.210753617223808
-0.533260837633538
-3.726798151344553
-0.07849835668578029
-2.721084309599151
-1.468515462810076
-0.6638407789434126
0.5719650149921316
-0.7669523221473283
1.5755270725892832
0.5757832085020775
0.0418757927121979
-1.742417485975821
2.0689651296989044
-0.09477198153271138
-0.3240108755144432
1.471090226645333
-0.775136396841978
-2.4132618201706886
0.2643989476245907
-0.7346635332459623
1.774072738663249
0.9898280955703316
1.365840777716202
1.3248938270075254
-0.7104740155360596
-0.22077806708672765
-0.38163011506172606
0.19694309114303435
1.4272606735403395
0.538856373593396
1.7700542872907783
-2.199836315408451
0.11303660061330037
1.6215999281798492
-0.3343973646941037
0.90032658789359
-0.54989373571614
-0.3606974986898828
0.10630164981829558
-1.902983119329325
1.0907847211290678
0.06338457567329497
-0.38019569788887503
-1.5408658819370782
0.3153775388774952
0.04835787266015912
-1.088466954906697
1.2683922063457933
1.2773279997101774
-0.17165836059523137
0.9687012407539604
-0.027637254892991348
-0.3816533923000863
0.766715604702695
-1.7568863406274637
-0.3899975988847319
-2.9469976376809273
-0.5194575768931509
-1.3271497777587156
0.2302303736425858
-0.28035948165356805
-1.7552917444567595
-0.7819592544143334
-2.7210401362910996
-0.16202653028643682
-1.7204333739906292
-0.10250363667582334
-3.2011851225050405
-1.0849781117553485
-0.7033470109741395
-0.23341105247860686
1.1061369720992174
-0.7510788296649048
-0.1735075649695784
-0.36592769985311924
-2.2885001214700527
-1.3380692081689989
0.9968143446812432
-2.528927322642541
-0.992355110082721
-0.4895181168356595
-0.7391745121170143
0.8628227932507246
-3.010034162894212
1.1599511831638618
-0.3286949530723164
0.03691033422778862
1.4274683450729615
-0.24377499686716084
-1.5614537335109442
1.418034399237371
-0.12309123196877905
